1.000000000000000000e+02
1.100000000000000000e+02
1.200000000000000000e+02
1.300000000000000000e+02
1.400000000000000000e+02
1.600000000000000000e+02
1.800000000000000000e+02
2.000000000000000000e+02
2.300000000000000000e+02
2.600000000000000000e+02
2.900000000000000000e+02
3.300000000000000000e+02
3.700000000000000000e+02
4.100000000000000000e+02
4.600000000000000000e+02
5.100000000000000000e+02
5.800000000000000000e+02
6.500000000000000000e+02
7.300000000000000000e+02
8.100000000000000000e+02
