# WavLow(micr), WavUpp(micr), WavC(micr), BinnedNoise(ppm), Npix
5.992664704673429377e-01 6.057245071738457387e-01 6.024954888205943382e-01 1.321611648094458502e+01 1.000000000000000000e+00
6.057245071738457387e-01 6.121825438803485397e-01 6.089535255270971392e-01 1.000000000000000000e+01 2.000000000000000000e+00
6.121825438803485397e-01 6.186405805868513408e-01 6.154115622335999403e-01 1.379477893489788620e+01 1.000000000000000000e+00
6.186405805868513408e-01 6.250986172933541418e-01 6.218695989401027413e-01 1.285422416213138774e+01 1.000000000000000000e+00
6.250986172933541418e-01 6.315566539998569429e-01 6.283276356466055423e-01 1.000000000000000000e+01 2.000000000000000000e+00
6.315566539998569429e-01 6.380146907063597439e-01 6.347856723531083434e-01 1.074445926715813115e+01 1.000000000000000000e+00
6.380146907063597439e-01 6.444727274128625449e-01 6.412437090596111444e-01 1.021862203380586109e+01 1.000000000000000000e+00
6.444727274128625449e-01 6.509307641193653460e-01 6.477017457661139455e-01 1.000000000000000000e+01 1.000000000000000000e+00
6.509307641193653460e-01 6.573888008258681470e-01 6.541597824726167465e-01 1.000000000000000000e+01 2.000000000000000000e+00
6.573888008258681470e-01 6.638468375323709481e-01 6.606178191791195475e-01 1.000000000000000000e+01 1.000000000000000000e+00
6.638468375323709481e-01 6.703048742388737491e-01 6.670758558856223486e-01 1.000000000000000000e+01 1.000000000000000000e+00
6.703048742388737491e-01 6.767629109453765501e-01 6.735338925921251496e-01 1.000000000000000000e+01 1.000000000000000000e+00
6.767629109453765501e-01 6.832209476518793512e-01 6.799919292986279507e-01 1.000000000000000000e+01 1.000000000000000000e+00
6.832209476518793512e-01 6.896789843583821522e-01 6.864499660051307517e-01 1.000000000000000000e+01 1.000000000000000000e+00
6.896789843583821522e-01 6.961370210648849532e-01 6.929080027116335527e-01 1.000000000000000000e+01 1.000000000000000000e+00
6.961370210648849532e-01 7.025950577713877543e-01 6.993660394181363538e-01 1.000000000000000000e+01 1.000000000000000000e+00
7.025950577713877543e-01 7.090530944778905553e-01 7.058240761246391548e-01 1.000000000000000000e+01 1.000000000000000000e+00
7.090530944778905553e-01 7.155111311843933564e-01 7.122821128311419558e-01 1.000000000000000000e+01 1.000000000000000000e+00
7.155111311843933564e-01 7.219691678908961574e-01 7.187401495376447569e-01 1.000000000000000000e+01 1.000000000000000000e+00
7.219691678908961574e-01 7.284272045973989584e-01 7.251981862441475579e-01 1.000000000000000000e+01 1.000000000000000000e+00
7.284272045973989584e-01 7.348852413039017595e-01 7.316562229506503590e-01 1.000000000000000000e+01 1.000000000000000000e+00
7.348852413039017595e-01 7.445722963636559610e-01 7.381142596571531600e-01 1.000000000000000000e+01 1.000000000000000000e+00
7.445722963636559610e-01 7.542593514234101626e-01 7.510303330701587621e-01 1.000000000000000000e+01 1.000000000000000000e+00
7.542593514234101626e-01 7.607173881299129636e-01 7.574883697766615631e-01 1.000000000000000000e+01 1.000000000000000000e+00
7.607173881299129636e-01 7.671754248364157647e-01 7.639464064831643642e-01 1.000000000000000000e+01 1.000000000000000000e+00
7.671754248364157647e-01 7.768624798961699662e-01 7.704044431896671652e-01 1.000000000000000000e+01 1.000000000000000000e+00
7.768624798961699662e-01 7.865495349559241678e-01 7.833205166026727673e-01 1.000000000000000000e+01 1.000000000000000000e+00
7.865495349559241678e-01 7.962365900156783693e-01 7.897785533091755683e-01 1.000000000000000000e+01 1.000000000000000000e+00
7.962365900156783693e-01 8.059236450754325709e-01 8.026946267221811704e-01 1.000000000000000000e+01 1.000000000000000000e+00
8.059236450754325709e-01 8.123816817819353719e-01 8.091526634286839714e-01 1.000000000000000000e+01 1.000000000000000000e+00
8.123816817819353719e-01 8.220687368416895735e-01 8.156107001351867725e-01 1.000000000000000000e+01 1.000000000000000000e+00
8.220687368416895735e-01 8.317557919014437751e-01 8.285267735481923745e-01 1.000000000000000000e+01 1.000000000000000000e+00
8.317557919014437751e-01 8.414428469611979766e-01 8.349848102546951756e-01 1.000000000000000000e+01 1.000000000000000000e+00
8.414428469611979766e-01 8.543589203742035787e-01 8.479008836677007777e-01 1.000000000000000000e+01 1.000000000000000000e+00
8.543589203742035787e-01 8.640459754339577803e-01 8.608169570807063797e-01 1.000000000000000000e+01 1.000000000000000000e+00
8.640459754339577803e-01 8.737330304937119818e-01 8.672749937872091808e-01 1.000000000000000000e+01 1.000000000000000000e+00
8.737330304937119818e-01 8.866491039067175839e-01 8.801910672002147829e-01 1.000000000000000000e+01 1.000000000000000000e+00
8.866491039067175839e-01 8.995651773197231860e-01 8.931071406132203849e-01 1.000000000000000000e+01 1.000000000000000000e+00
8.995651773197231860e-01 9.124812507327287880e-01 9.060232140262259870e-01 1.000000000000000000e+01 1.000000000000000000e+00
9.124812507327287880e-01 9.253973241457343901e-01 9.189392874392315891e-01 1.000000000000000000e+01 1.000000000000000000e+00
9.253973241457343901e-01 9.383133975587399922e-01 9.318553608522371912e-01 1.000000000000000000e+01 1.000000000000000000e+00
9.383133975587399922e-01 9.512294709717455943e-01 9.447714342652427932e-01 1.000000000000000000e+01 1.000000000000000000e+00
9.512294709717455943e-01 9.641455443847511964e-01 9.576875076782483953e-01 1.000000000000000000e+01 1.000000000000000000e+00
9.641455443847511964e-01 9.770616177977567984e-01 9.706035810912539974e-01 1.000000000000000000e+01 1.000000000000000000e+00
9.770616177977567984e-01 9.899776912107624005e-01 9.835196545042595995e-01 1.000000000000000000e+01 1.000000000000000000e+00
9.899776912107624005e-01 1.002893764623767892e+00 9.964357279172652015e-01 1.000000000000000000e+01 1.000000000000000000e+00
1.002893764623767892e+00 1.015809838036773494e+00 1.009351801330270693e+00 1.000000000000000000e+01 1.000000000000000000e+00
1.015809838036773494e+00 1.031954929803030607e+00 1.022267874743276295e+00 1.000000000000000000e+01 1.000000000000000000e+00
1.031954929803030607e+00 1.048100021569287721e+00 1.041641984862784920e+00 1.000000000000000000e+01 1.000000000000000000e+00
1.048100021569287721e+00 1.064245113335544612e+00 1.054558058275790522e+00 1.000000000000000000e+01 1.000000000000000000e+00
1.064245113335544612e+00 1.080390205101801504e+00 1.073932168395298703e+00 1.000000000000000000e+01 1.000000000000000000e+00
1.080390205101801504e+00 1.096535296868058618e+00 1.086848241808304305e+00 1.000000000000000000e+01 1.000000000000000000e+00
1.096535296868058618e+00 1.112680388634315731e+00 1.106222351927812930e+00 1.000000000000000000e+01 1.000000000000000000e+00
1.112680388634315731e+00 1.128825480400572623e+00 1.119138425340818532e+00 1.000000000000000000e+01 1.000000000000000000e+00
1.128825480400572623e+00 1.148199590520081026e+00 1.138512535460326713e+00 1.000000000000000000e+01 1.000000000000000000e+00
1.148199590520081026e+00 1.164344682286338140e+00 1.157886645579835339e+00 1.000000000000000000e+01 1.000000000000000000e+00
1.164344682286338140e+00 1.180489774052595031e+00 1.170802718992840941e+00 1.000000000000000000e+01 1.000000000000000000e+00
1.180489774052595031e+00 1.199863884172103434e+00 1.190176829112349122e+00 1.000000000000000000e+01 1.000000000000000000e+00
1.199863884172103434e+00 1.219237994291611837e+00 1.209550939231857747e+00 1.000000000000000000e+01 1.000000000000000000e+00
1.219237994291611837e+00 1.238612104411120240e+00 1.228925049351365928e+00 1.000000000000000000e+01 1.000000000000000000e+00
1.238612104411120240e+00 1.257986214530628644e+00 1.248299159470874553e+00 1.000000000000000000e+01 1.000000000000000000e+00
1.257986214530628644e+00 1.274131306296885535e+00 1.267673269590382734e+00 1.000000000000000000e+01 1.000000000000000000e+00
1.274131306296885535e+00 1.290276398063142649e+00 1.280589343003388336e+00 1.000000000000000000e+01 1.000000000000000000e+00
1.290276398063142649e+00 1.309650508182651052e+00 1.299963453122896961e+00 1.000000000000000000e+01 1.000000000000000000e+00
1.309650508182651052e+00 1.332253636655410745e+00 1.319337563242405142e+00 1.000000000000000000e+01 1.000000000000000000e+00
1.332253636655410745e+00 1.354856765128170659e+00 1.345169710068416347e+00 1.000000000000000000e+01 1.000000000000000000e+00
1.354856765128170659e+00 1.374230875247679062e+00 1.364543820187924972e+00 1.000000000000000000e+01 1.000000000000000000e+00
1.374230875247679062e+00 1.393604985367187465e+00 1.383917930307433153e+00 1.000000000000000000e+01 1.000000000000000000e+00
1.393604985367187465e+00 1.412979095486695869e+00 1.403292040426941778e+00 1.000000000000000000e+01 1.000000000000000000e+00
1.412979095486695869e+00 1.432353205606204272e+00 1.422666150546449959e+00 1.000000000000000000e+01 1.000000000000000000e+00
1.432353205606204272e+00 1.451727315725712675e+00 1.442040260665958584e+00 1.000000000000000000e+01 1.000000000000000000e+00
1.451727315725712675e+00 1.471101425845221078e+00 1.461414370785466765e+00 1.000000000000000000e+01 1.000000000000000000e+00
1.471101425845221078e+00 1.490475535964729481e+00 1.480788480904975390e+00 1.000000000000000000e+01 1.000000000000000000e+00
1.490475535964729481e+00 1.509849646084237884e+00 1.500162591024483572e+00 1.000000000000000000e+01 1.000000000000000000e+00
1.509849646084237884e+00 1.532452774556997799e+00 1.519536701143992197e+00 1.000000000000000000e+01 1.000000000000000000e+00
1.532452774556997799e+00 1.555055903029757491e+00 1.545368847970003401e+00 1.000000000000000000e+01 1.000000000000000000e+00
1.555055903029757491e+00 1.574430013149265895e+00 1.564742958089511582e+00 1.000000000000000000e+01 1.000000000000000000e+00
1.574430013149265895e+00 1.593804123268774298e+00 1.584117068209020207e+00 1.000000000000000000e+01 1.000000000000000000e+00
1.593804123268774298e+00 1.613178233388282701e+00 1.603491178328528388e+00 1.000000000000000000e+01 1.000000000000000000e+00
1.613178233388282701e+00 1.632552343507791104e+00 1.622865288448037013e+00 1.000000000000000000e+01 1.000000000000000000e+00
1.632552343507791104e+00 1.651926453627299507e+00 1.642239398567545194e+00 1.000000000000000000e+01 1.000000000000000000e+00
1.651926453627299507e+00 1.674529582100059422e+00 1.661613508687053820e+00 1.000000000000000000e+01 1.000000000000000000e+00
1.674529582100059422e+00 1.697132710572819114e+00 1.687445655513065024e+00 1.000000000000000000e+01 1.000000000000000000e+00
1.697132710572819114e+00 1.716506820692327517e+00 1.706819765632573205e+00 1.000000000000000000e+01 1.000000000000000000e+00
1.716506820692327517e+00 1.735880930811835920e+00 1.726193875752081830e+00 1.000000000000000000e+01 1.000000000000000000e+00
1.735880930811835920e+00 1.755255040931344324e+00 1.745567985871590011e+00 1.000000000000000000e+01 1.000000000000000000e+00
1.755255040931344324e+00 1.774629151050852727e+00 1.764942095991098636e+00 1.000000000000000000e+01 1.000000000000000000e+00
1.774629151050852727e+00 1.794003261170361130e+00 1.784316206110606817e+00 1.000000000000000000e+01 1.000000000000000000e+00
1.794003261170361130e+00 1.813377371289869533e+00 1.803690316230115442e+00 1.000000000000000000e+01 1.000000000000000000e+00
1.813377371289869533e+00 1.832751481409377936e+00 1.823064426349623623e+00 1.000000000000000000e+01 1.000000000000000000e+00
1.832751481409377936e+00 1.852125591528886339e+00 1.842438536469132249e+00 1.000000000000000000e+01 1.000000000000000000e+00
1.852125591528886339e+00 1.871499701648394742e+00 1.861812646588640430e+00 1.000000000000000000e+01 1.000000000000000000e+00
1.871499701648394742e+00 1.890873811767903145e+00 1.881186756708149055e+00 1.000000000000000000e+01 1.000000000000000000e+00
1.890873811767903145e+00 1.910247921887411549e+00 1.900560866827657236e+00 1.000000000000000000e+01 1.000000000000000000e+00
1.910247921887411549e+00 1.929622032006919952e+00 1.919934976947165861e+00 1.000000000000000000e+01 1.000000000000000000e+00
1.929622032006919952e+00 1.948996142126428355e+00 1.939309087066674042e+00 1.000000000000000000e+01 1.000000000000000000e+00
1.948996142126428355e+00 1.968370252245936758e+00 1.958683197186182667e+00 1.000000000000000000e+01 1.000000000000000000e+00
1.968370252245936758e+00 1.987744362365445161e+00 1.978057307305690848e+00 1.000000000000000000e+01 1.000000000000000000e+00
1.987744362365445161e+00 2.007118472484953564e+00 1.997431417425199474e+00 1.000000000000000000e+01 1.000000000000000000e+00
2.007118472484953564e+00 2.023263564251210234e+00 2.016805527544707655e+00 1.000000000000000000e+01 1.000000000000000000e+00
2.023263564251210234e+00 2.039408656017467791e+00 2.029721600957713257e+00 1.000000000000000000e+01 1.000000000000000000e+00
2.039408656017467791e+00 2.058782766136975972e+00 2.049095711077221882e+00 1.000000000000000000e+01 1.000000000000000000e+00
2.058782766136975972e+00 2.078156876256484153e+00 2.068469821196730063e+00 1.000000000000000000e+01 1.000000000000000000e+00
2.078156876256484153e+00 2.097530986375992779e+00 2.087843931316238688e+00 1.000000000000000000e+01 1.000000000000000000e+00
2.097530986375992779e+00 2.116905096495501404e+00 2.107218041435746869e+00 1.000000000000000000e+01 1.000000000000000000e+00
2.116905096495501404e+00 2.133050188261758073e+00 2.126592151555255494e+00 1.000000000000000000e+01 1.000000000000000000e+00
2.133050188261758073e+00 2.149195280028015187e+00 2.139508224968261096e+00 1.000000000000000000e+01 1.000000000000000000e+00
2.149195280028015187e+00 2.168569390147523812e+00 2.158882335087769277e+00 1.000000000000000000e+01 1.000000000000000000e+00
2.168569390147523812e+00 2.187943500267031993e+00 2.178256445207277903e+00 1.000000000000000000e+01 1.000000000000000000e+00
2.187943500267031993e+00 2.204088592033288663e+00 2.197630555326786084e+00 1.000000000000000000e+01 1.000000000000000000e+00
2.204088592033288663e+00 2.220233683799546220e+00 2.210546628739791686e+00 1.000000000000000000e+01 1.000000000000000000e+00
2.220233683799546220e+00 2.239607793919054401e+00 2.229920738859300311e+00 1.000000000000000000e+01 1.000000000000000000e+00
2.239607793919054401e+00 2.255752885685311071e+00 2.249294848978808492e+00 1.000000000000000000e+01 1.000000000000000000e+00
2.255752885685311071e+00 2.271897977451568629e+00 2.262210922391814094e+00 1.000000000000000000e+01 1.000000000000000000e+00
2.271897977451568629e+00 2.291272087571076810e+00 2.281585032511322719e+00 1.000000000000000000e+01 1.000000000000000000e+00
2.291272087571076810e+00 2.307417179337333479e+00 2.300959142630830900e+00 1.000000000000000000e+01 1.000000000000000000e+00
2.307417179337333479e+00 2.323562271103591037e+00 2.313875216043836502e+00 1.000000000000000000e+01 1.000000000000000000e+00
2.323562271103591037e+00 2.339707362869847707e+00 2.333249326163345128e+00 1.000000000000000000e+01 1.000000000000000000e+00
2.339707362869847707e+00 2.355852454636104820e+00 2.346165399576350730e+00 1.000000000000000000e+01 1.000000000000000000e+00
2.355852454636104820e+00 2.375226564755613445e+00 2.365539509695858911e+00 1.000000000000000000e+01 1.000000000000000000e+00
2.375226564755613445e+00 2.391371656521870115e+00 2.384913619815367536e+00 1.000000000000000000e+01 1.000000000000000000e+00
2.391371656521870115e+00 2.407516748288127229e+00 2.397829693228373138e+00 1.000000000000000000e+01 1.000000000000000000e+00
2.407516748288127229e+00 2.423661840054384342e+00 2.417203803347881319e+00 1.000000000000000000e+01 1.000000000000000000e+00
2.423661840054384342e+00 2.439806931820641012e+00 2.430119876760886921e+00 1.000000000000000000e+01 1.000000000000000000e+00
2.439806931820641012e+00 2.455952023586898569e+00 2.449493986880395546e+00 1.000000000000000000e+01 1.000000000000000000e+00
2.455952023586898569e+00 2.472097115353155239e+00 2.462410060293401148e+00 1.000000000000000000e+01 1.000000000000000000e+00
2.472097115353155239e+00 2.488242207119411908e+00 2.481784170412909329e+00 1.000000000000000000e+01 1.000000000000000000e+00
2.488242207119411908e+00 2.504387298885669466e+00 2.494700243825914932e+00 1.000000000000000000e+01 1.000000000000000000e+00
2.504387298885669466e+00 2.520532390651926136e+00 2.514074353945423557e+00 1.000000000000000000e+01 1.000000000000000000e+00
2.520532390651926136e+00 2.533448464064932182e+00 2.526990427358429159e+00 1.000000000000000000e+01 1.000000000000000000e+00
2.533448464064932182e+00 2.549593555831188851e+00 2.539906500771434761e+00 1.000000000000000000e+01 1.000000000000000000e+00
2.549593555831188851e+00 2.565738647597445521e+00 2.559280610890942942e+00 1.000000000000000000e+01 1.000000000000000000e+00
2.565738647597445521e+00 2.581883739363703079e+00 2.572196684303948544e+00 1.000000000000000000e+01 1.000000000000000000e+00
2.581883739363703079e+00 2.598028831129959748e+00 2.591570794423457169e+00 1.000000000000000000e+01 1.000000000000000000e+00
2.598028831129959748e+00 2.610944904542965794e+00 2.604486867836462771e+00 1.000000000000000000e+01 1.000000000000000000e+00
2.610944904542965794e+00 2.627089996309222464e+00 2.617402941249468373e+00 1.000000000000000000e+01 1.000000000000000000e+00
2.627089996309222464e+00 2.643235088075479577e+00 2.636777051368976554e+00 1.000000000000000000e+01 1.000000000000000000e+00
2.643235088075479577e+00 2.656151161488485180e+00 2.649693124781982601e+00 1.000000000000000000e+01 1.000000000000000000e+00
2.656151161488485180e+00 2.672296253254741849e+00 2.662609198194987759e+00 1.000000000000000000e+01 1.000000000000000000e+00
2.672296253254741849e+00 2.688441345020999407e+00 2.681983308314496384e+00 1.000000000000000000e+01 1.000000000000000000e+00
2.688441345020999407e+00 2.701357418434004565e+00 2.694899381727501986e+00 1.000000000000000000e+01 1.000000000000000000e+00
2.701357418434004565e+00 2.717502510200262122e+00 2.707815455140507588e+00 1.000000000000000000e+01 1.000000000000000000e+00
2.717502510200262122e+00 2.733647601966518792e+00 2.727189565260016213e+00 1.000000000000000000e+01 1.000000000000000000e+00
2.733647601966518792e+00 2.746563675379524394e+00 2.740105638673021371e+00 1.000000000000000000e+01 1.000000000000000000e+00
2.746563675379524394e+00 2.759479748792529996e+00 2.753021712086027417e+00 1.000000000000000000e+01 1.000000000000000000e+00
2.759479748792529996e+00 2.775624840558786666e+00 2.765937785499032575e+00 1.000000000000000000e+01 1.000000000000000000e+00
2.775624840558786666e+00 2.791769932325044223e+00 2.785311895618541200e+00 1.000000000000000000e+01 1.000000000000000000e+00
2.791769932325044223e+00 2.804686005738049381e+00 2.798227969031546802e+00 1.000000000000000000e+01 1.000000000000000000e+00
2.804686005738049381e+00 2.817602079151055428e+00 2.811144042444552404e+00 1.000000000000000000e+01 1.000000000000000000e+00
2.817602079151055428e+00 2.833747170917312097e+00 2.824060115857558007e+00 1.000000000000000000e+01 1.000000000000000000e+00
2.833747170917312097e+00 2.849892262683569211e+00 2.843434225977066188e+00 1.000000000000000000e+01 1.000000000000000000e+00
2.849892262683569211e+00 2.862808336096574813e+00 2.856350299390072234e+00 1.000000000000000000e+01 1.000000000000000000e+00
2.862808336096574813e+00 2.875724409509580415e+00 2.869266372803077392e+00 1.000000000000000000e+01 1.000000000000000000e+00
2.875724409509580415e+00 2.888640482922586017e+00 2.882182446216083438e+00 1.000000000000000000e+01 1.000000000000000000e+00
2.888640482922586017e+00 2.901556556335591619e+00 2.895098519629088596e+00 1.000000000000000000e+01 1.000000000000000000e+00
2.901556556335591619e+00 2.914472629748597221e+00 2.908014593042094642e+00 1.000000000000000000e+01 1.000000000000000000e+00
2.914472629748597221e+00 2.930617721514853891e+00 2.920930666455099800e+00 1.000000000000000000e+01 1.000000000000000000e+00
2.930617721514853891e+00 2.946762813281111448e+00 2.940304776574608425e+00 1.000000000000000000e+01 1.000000000000000000e+00
2.946762813281111448e+00 2.959678886694116606e+00 2.953220849987614027e+00 1.000000000000000000e+01 1.000000000000000000e+00
2.959678886694116606e+00 2.972594960107122652e+00 2.966136923400619629e+00 1.000000000000000000e+01 1.000000000000000000e+00
2.972594960107122652e+00 2.985511033520127810e+00 2.979052996813625231e+00 1.000000000000000000e+01 1.000000000000000000e+00
2.985511033520127810e+00 2.998427106933133857e+00 2.991969070226630834e+00 1.000000000000000000e+01 1.000000000000000000e+00
2.998427106933133857e+00 3.011343180346139015e+00 3.004885143639636436e+00 1.000000000000000000e+01 1.000000000000000000e+00
3.011343180346139015e+00 3.024259253759145061e+00 3.017801217052642038e+00 1.000000000000000000e+01 1.000000000000000000e+00
3.024259253759145061e+00 3.037175327172150219e+00 3.030717290465647640e+00 1.000000000000000000e+01 1.000000000000000000e+00
3.037175327172150219e+00 3.050091400585156265e+00 3.043633363878653242e+00 1.000000000000000000e+01 1.000000000000000000e+00
3.050091400585156265e+00 3.063007473998161423e+00 3.056549437291658844e+00 1.000000000000000000e+01 1.000000000000000000e+00
3.063007473998161423e+00 3.075923547411167469e+00 3.069465510704664446e+00 1.000000000000000000e+01 1.000000000000000000e+00
3.075923547411167469e+00 3.088839620824172627e+00 3.082381584117670048e+00 1.000000000000000000e+01 1.000000000000000000e+00
3.088839620824172627e+00 3.104984712590430185e+00 3.095297657530675650e+00 1.000000000000000000e+01 1.000000000000000000e+00
3.104984712590430185e+00 3.121129804356686854e+00 3.114671767650184275e+00 1.000000000000000000e+01 1.000000000000000000e+00
3.121129804356686854e+00 3.134045877769692456e+00 3.127587841063189433e+00 1.000000000000000000e+01 1.000000000000000000e+00
3.134045877769692456e+00 3.146961951182698058e+00 3.140503914476195479e+00 1.000000000000000000e+01 1.000000000000000000e+00
3.146961951182698058e+00 3.156649006242452149e+00 3.153419987889200637e+00 1.000000000000000000e+01 1.000000000000000000e+00
3.156649006242452149e+00 3.166336061302206240e+00 3.159878024595703661e+00 1.000000000000000000e+01 1.000000000000000000e+00
3.166336061302206240e+00 3.179252134715212286e+00 3.172794098008709263e+00 1.000000000000000000e+01 1.000000000000000000e+00
3.179252134715212286e+00 3.192168208128217444e+00 3.185710171421714865e+00 1.000000000000000000e+01 1.000000000000000000e+00
3.192168208128217444e+00 3.205084281541223490e+00 3.198626244834720467e+00 1.000000000000000000e+01 1.000000000000000000e+00
3.205084281541223490e+00 3.218000354954228648e+00 3.211542318247726069e+00 1.000000000000000000e+01 1.000000000000000000e+00
3.218000354954228648e+00 3.230916428367234694e+00 3.224458391660731671e+00 1.000000000000000000e+01 1.000000000000000000e+00
3.230916428367234694e+00 3.243832501780239852e+00 3.237374465073737273e+00 1.000000000000000000e+01 1.000000000000000000e+00
3.243832501780239852e+00 3.256748575193245898e+00 3.250290538486742875e+00 1.000000000000000000e+01 1.000000000000000000e+00
3.256748575193245898e+00 3.269664648606251056e+00 3.263206611899748477e+00 1.000000000000000000e+01 1.000000000000000000e+00
3.269664648606251056e+00 3.282580722019257102e+00 3.276122685312754079e+00 1.000000000000000000e+01 1.000000000000000000e+00
3.282580722019257102e+00 3.295496795432262260e+00 3.289038758725759681e+00 1.000000000000000000e+01 1.000000000000000000e+00
3.295496795432262260e+00 3.308412868845268306e+00 3.301954832138765283e+00 1.000000000000000000e+01 1.000000000000000000e+00
3.308412868845268306e+00 3.321328942258273464e+00 3.314870905551770885e+00 1.000000000000000000e+01 1.000000000000000000e+00
3.321328942258273464e+00 3.334245015671279511e+00 3.327786978964776488e+00 1.000000000000000000e+01 1.000000000000000000e+00
3.334245015671279511e+00 3.343932070731033601e+00 3.340703052377782090e+00 1.000000000000000000e+01 1.000000000000000000e+00
3.343932070731033601e+00 3.353619125790787692e+00 3.347161089084285113e+00 1.000000000000000000e+01 1.000000000000000000e+00
3.353619125790787692e+00 3.366535199203793294e+00 3.360077162497290271e+00 1.000000000000000000e+01 1.000000000000000000e+00
3.366535199203793294e+00 3.379451272616798896e+00 3.372993235910296317e+00 1.000000000000000000e+01 1.000000000000000000e+00
3.379451272616798896e+00 3.392367346029804498e+00 3.385909309323301475e+00 1.000000000000000000e+01 1.000000000000000000e+00
3.392367346029804498e+00 3.405283419442810100e+00 3.398825382736307521e+00 1.000000000000000000e+01 1.000000000000000000e+00
3.405283419442810100e+00 3.418199492855815702e+00 3.411741456149312679e+00 1.000000000000000000e+01 1.000000000000000000e+00
3.418199492855815702e+00 3.427886547915569793e+00 3.424657529562318725e+00 1.000000000000000000e+01 1.000000000000000000e+00
3.427886547915569793e+00 3.437573602975324327e+00 3.431115566268821304e+00 1.000000000000000000e+01 1.000000000000000000e+00
3.437573602975324327e+00 3.450489676388329485e+00 3.444031639681826906e+00 1.000000000000000000e+01 1.000000000000000000e+00
3.450489676388329485e+00 3.463405749801335531e+00 3.456947713094832508e+00 1.000000000000000000e+01 1.000000000000000000e+00
3.463405749801335531e+00 3.476321823214340689e+00 3.469863786507838110e+00 1.000000000000000000e+01 1.000000000000000000e+00
3.476321823214340689e+00 3.486008878274095224e+00 3.482779859920843712e+00 1.000000000000000000e+01 1.000000000000000000e+00
3.486008878274095224e+00 3.495695933333849315e+00 3.489237896627346291e+00 1.000000000000000000e+01 1.000000000000000000e+00
3.495695933333849315e+00 3.508612006746854917e+00 3.502153970040352338e+00 1.000000000000000000e+01 1.000000000000000000e+00
3.508612006746854917e+00 3.521528080159860519e+00 3.515070043453357496e+00 1.000000000000000000e+01 1.000000000000000000e+00
3.521528080159860519e+00 3.534444153572866121e+00 3.527986116866363542e+00 1.000000000000000000e+01 1.000000000000000000e+00
3.534444153572866121e+00 3.544131208632620211e+00 3.540902190279368700e+00 1.000000000000000000e+01 1.000000000000000000e+00
3.544131208632620211e+00 3.553818263692374302e+00 3.547360226985871723e+00 1.000000000000000000e+01 1.000000000000000000e+00
3.553818263692374302e+00 3.566734337105380348e+00 3.560276300398877325e+00 1.000000000000000000e+01 1.000000000000000000e+00
3.566734337105380348e+00 3.579650410518385506e+00 3.573192373811882927e+00 1.000000000000000000e+01 1.000000000000000000e+00
3.579650410518385506e+00 3.589337465578140041e+00 3.586108447224888529e+00 1.000000000000000000e+01 1.000000000000000000e+00
3.589337465578140041e+00 3.599024520637894131e+00 3.592566483931391108e+00 1.000000000000000000e+01 1.000000000000000000e+00
3.599024520637894131e+00 3.611940594050899733e+00 3.605482557344397154e+00 1.000000000000000000e+01 1.000000000000000000e+00
3.611940594050899733e+00 3.624856667463905335e+00 3.618398630757402312e+00 1.000000000000000000e+01 1.000000000000000000e+00
3.624856667463905335e+00 3.634543722523659426e+00 3.631314704170408358e+00 1.000000000000000000e+01 1.000000000000000000e+00
3.634543722523659426e+00 3.644230777583413960e+00 3.637772740876910937e+00 1.000000000000000000e+01 1.000000000000000000e+00
3.644230777583413960e+00 3.657146850996419118e+00 3.650688814289916539e+00 1.000000000000000000e+01 1.000000000000000000e+00
3.657146850996419118e+00 3.666833906056173653e+00 3.663604887702922142e+00 1.000000000000000000e+01 1.000000000000000000e+00
3.666833906056173653e+00 3.676520961115927744e+00 3.670062924409424721e+00 1.000000000000000000e+01 1.000000000000000000e+00
3.676520961115927744e+00 3.689437034528933346e+00 3.682978997822430767e+00 1.000000000000000000e+01 1.000000000000000000e+00
3.689437034528933346e+00 3.702353107941938948e+00 3.695895071235435925e+00 1.000000000000000000e+01 1.000000000000000000e+00
3.702353107941938948e+00 3.712040163001693038e+00 3.708811144648441971e+00 1.000000000000000000e+01 1.000000000000000000e+00
3.712040163001693038e+00 3.721727218061447573e+00 3.715269181354944550e+00 1.000000000000000000e+01 1.000000000000000000e+00
3.721727218061447573e+00 3.734643291474452731e+00 3.728185254767950152e+00 1.000000000000000000e+01 1.000000000000000000e+00
3.734643291474452731e+00 3.744330346534207266e+00 3.741101328180955754e+00 1.000000000000000000e+01 1.000000000000000000e+00
3.744330346534207266e+00 3.754017401593961356e+00 3.747559364887458333e+00 1.000000000000000000e+01 1.000000000000000000e+00
3.754017401593961356e+00 3.766933475006966958e+00 3.760475438300464379e+00 1.000000000000000000e+01 1.000000000000000000e+00
3.766933475006966958e+00 3.776620530066721049e+00 3.773391511713469537e+00 1.000000000000000000e+01 1.000000000000000000e+00
3.776620530066721049e+00 3.786307585126475139e+00 3.779849548419972560e+00 1.000000000000000000e+01 1.000000000000000000e+00
3.786307585126475139e+00 3.799223658539481185e+00 3.792765621832978162e+00 1.000000000000000000e+01 1.000000000000000000e+00
3.799223658539481185e+00 3.808910713599235276e+00 3.805681695245983764e+00 1.000000000000000000e+01 1.000000000000000000e+00
3.808910713599235276e+00 3.818597768658989366e+00 3.812139731952486787e+00 1.000000000000000000e+01 1.000000000000000000e+00
3.818597768658989366e+00 3.828284823718743457e+00 3.825055805365491945e+00 1.000000000000000000e+01 1.000000000000000000e+00
3.828284823718743457e+00 3.837971878778497548e+00 3.831513842071994969e+00 1.000000000000000000e+01 1.000000000000000000e+00
3.837971878778497548e+00 3.850887952191503594e+00 3.844429915485000571e+00 1.000000000000000000e+01 1.000000000000000000e+00
3.850887952191503594e+00 3.860575007251257684e+00 3.857345988898006173e+00 1.000000000000000000e+01 1.000000000000000000e+00
3.860575007251257684e+00 3.870262062311011775e+00 3.863804025604509196e+00 1.000000000000000000e+01 1.000000000000000000e+00
3.870262062311011775e+00 3.883178135724017377e+00 3.876720099017514354e+00 1.000000000000000000e+01 1.000000000000000000e+00
3.883178135724017377e+00 3.892865190783771467e+00 3.889636172430520400e+00 1.000000000000000000e+01 1.000000000000000000e+00
3.892865190783771467e+00 3.902552245843526002e+00 3.896094209137022979e+00 1.000000000000000000e+01 1.000000000000000000e+00
3.902552245843526002e+00 3.912239300903280093e+00 3.909010282550028581e+00 1.000000000000000000e+01 1.000000000000000000e+00
3.912239300903280093e+00 3.921926355963034183e+00 3.915468319256531604e+00 1.000000000000000000e+01 1.000000000000000000e+00
3.921926355963034183e+00 3.934842429376039785e+00 3.928384392669536762e+00 1.000000000000000000e+01 1.000000000000000000e+00
3.934842429376039785e+00 3.944529484435793876e+00 3.941300466082542808e+00 1.000000000000000000e+01 1.000000000000000000e+00
3.944529484435793876e+00 3.954216539495548410e+00 3.947758502789045387e+00 1.000000000000000000e+01 1.000000000000000000e+00
3.954216539495548410e+00 3.963903594555302501e+00 3.960674576202050989e+00 1.000000000000000000e+01 1.000000000000000000e+00
3.963903594555302501e+00 3.973590649615056591e+00 3.967132612908554012e+00 1.000000000000000000e+01 1.000000000000000000e+00
3.973590649615056591e+00 3.983277704674810682e+00 3.980048686321559170e+00 1.000000000000000000e+01 1.000000000000000000e+00
3.983277704674810682e+00 3.992964759734564772e+00 3.986506723028062193e+00 1.000000000000000000e+01 1.000000000000000000e+00
3.992964759734564772e+00 4.005880833147569930e+00 3.999422796441067796e+00 1.000000000000000000e+01 1.000000000000000000e+00
4.005880833147569930e+00 4.015567888207324465e+00 4.012338869854072954e+00 1.000000000000000000e+01 1.000000000000000000e+00
4.015567888207324465e+00 4.025254943267079000e+00 4.018796906560575977e+00 1.000000000000000000e+01 1.000000000000000000e+00
4.025254943267079000e+00 4.034941998326832646e+00 4.031712979973581135e+00 1.000000000000000000e+01 1.000000000000000000e+00
4.034941998326832646e+00 4.044629053386587181e+00 4.038171016680084158e+00 1.000000000000000000e+01 1.000000000000000000e+00
4.044629053386587181e+00 4.054316108446341715e+00 4.051087090093090204e+00 1.000000000000000000e+01 1.000000000000000000e+00
4.054316108446341715e+00 4.064003163506095362e+00 4.057545126799592339e+00 1.001755565293254158e+01 1.000000000000000000e+00
4.064003163506095362e+00 4.073690218565849896e+00 4.070461200212598385e+00 1.010667591879059479e+01 1.000000000000000000e+00
4.073690218565849896e+00 4.083377273625604431e+00 4.076919236919101408e+00 1.014883164530940363e+01 1.000000000000000000e+00
4.083377273625604431e+00 4.093064328685358078e+00 4.089835310332106566e+00 1.018383047833754596e+01 1.000000000000000000e+00
4.093064328685358078e+00 4.102751383745111724e+00 4.096293347038609589e+00 1.021674470961276349e+01 1.000000000000000000e+00
4.102751383745111724e+00 4.112438438804866259e+00 4.109209420451614747e+00 1.025798826587260670e+01 1.000000000000000000e+00
4.112438438804866259e+00 4.122125493864620793e+00 4.115667457158117770e+00 1.029386643529277912e+01 1.000000000000000000e+00
4.122125493864620793e+00 4.135041567277626839e+00 4.128583530571123816e+00 1.032368462430323142e+01 1.000000000000000000e+00
4.135041567277626839e+00 4.144728622337380486e+00 4.141499603984128974e+00 1.037967204918417963e+01 1.000000000000000000e+00
4.144728622337380486e+00 4.154415677397134132e+00 4.147957640690631997e+00 1.048830762344969969e+01 1.000000000000000000e+00
4.154415677397134132e+00 4.164102732456888667e+00 4.160873714103637155e+00 1.065196909789211333e+01 1.000000000000000000e+00
4.164102732456888667e+00 4.173789787516643202e+00 4.167331750810140178e+00 1.083927019798343139e+01 1.000000000000000000e+00
4.173789787516643202e+00 4.183476842576396848e+00 4.180247824223146225e+00 1.090161417708875469e+01 1.000000000000000000e+00
4.183476842576396848e+00 4.193163897636151383e+00 4.186705860929648360e+00 1.084214631376183746e+01 1.000000000000000000e+00
4.193163897636151383e+00 4.202850952695905917e+00 4.199621934342654406e+00 1.078853312817240173e+01 1.000000000000000000e+00
4.202850952695905917e+00 4.209308989402408940e+00 4.206079971049157429e+00 1.077205701775899627e+01 1.000000000000000000e+00
4.209308989402408940e+00 4.218996044462162587e+00 4.212538007755659564e+00 1.079180667486442857e+01 1.000000000000000000e+00
4.218996044462162587e+00 4.228683099521917121e+00 4.225454081168665610e+00 1.083217438116012410e+01 1.000000000000000000e+00
4.228683099521917121e+00 4.238370154581671656e+00 4.231912117875168633e+00 1.087853072229562201e+01 1.000000000000000000e+00
4.238370154581671656e+00 4.248057209641425302e+00 4.244828191288173791e+00 1.093144447992134083e+01 1.000000000000000000e+00
4.248057209641425302e+00 4.257744264701178949e+00 4.251286227994676814e+00 1.098972171004900567e+01 1.000000000000000000e+00
4.257744264701178949e+00 4.267431319760933484e+00 4.264202301407681972e+00 1.105355476562359662e+01 1.000000000000000000e+00
4.267431319760933484e+00 4.277118374820688018e+00 4.270660338114184995e+00 1.112547499471455126e+01 1.000000000000000000e+00
4.277118374820688018e+00 4.286805429880441665e+00 4.283576411527191041e+00 1.127302483327537885e+01 1.000000000000000000e+00
4.286805429880441665e+00 4.296492484940196199e+00 4.290034448233693176e+00 1.148402475270920675e+01 1.000000000000000000e+00
4.296492484940196199e+00 4.306179539999950734e+00 4.302950521646699222e+00 1.180733507362531398e+01 1.000000000000000000e+00
4.306179539999950734e+00 4.315866595059704380e+00 4.309408558353202245e+00 1.205327666135573494e+01 1.000000000000000000e+00
4.315866595059704380e+00 4.325553650119458915e+00 4.322324631766207403e+00 1.224711775184769103e+01 1.000000000000000000e+00
4.325553650119458915e+00 4.332011686825961938e+00 4.328782668472710426e+00 1.232807616120703287e+01 1.000000000000000000e+00
4.332011686825961938e+00 4.341698741885716473e+00 4.335240705179213450e+00 1.255267433317613879e+01 1.000000000000000000e+00
4.341698741885716473e+00 4.351385796945470119e+00 4.348156778592218608e+00 1.283178504892701532e+01 1.000000000000000000e+00
4.351385796945470119e+00 4.361072852005223766e+00 4.354614815298721631e+00 1.275174821959041971e+01 1.000000000000000000e+00
4.361072852005223766e+00 4.370759907064978300e+00 4.367530888711726789e+00 1.279271278143077417e+01 1.000000000000000000e+00
4.370759907064978300e+00 4.380446962124732835e+00 4.373988925418229812e+00 1.295220335874785000e+01 1.000000000000000000e+00
4.380446962124732835e+00 4.390134017184486481e+00 4.386904998831235858e+00 1.318306017857934087e+01 1.000000000000000000e+00
4.390134017184486481e+00 4.396592053890989504e+00 4.393363035537737993e+00 1.329733532797391149e+01 1.000000000000000000e+00
4.396592053890989504e+00 4.406279108950744039e+00 4.399821072244241016e+00 1.318004390384694346e+01 1.000000000000000000e+00
4.406279108950744039e+00 4.415966164010498574e+00 4.412737145657247062e+00 1.296713180261128784e+01 1.000000000000000000e+00
4.415966164010498574e+00 4.425653219070252220e+00 4.419195182363749197e+00 1.274640950193576572e+01 1.000000000000000000e+00
4.425653219070252220e+00 4.435340274130006755e+00 4.432111255776755243e+00 1.258081004900592781e+01 1.000000000000000000e+00
4.435340274130006755e+00 4.441798310836508890e+00 4.438569292483258266e+00 1.255252603765016772e+01 1.000000000000000000e+00
4.441798310836508890e+00 4.451485365896263424e+00 4.445027329189760401e+00 1.262426011064040843e+01 1.000000000000000000e+00
4.451485365896263424e+00 4.461172420956017959e+00 4.457943402602766447e+00 1.284896528073302235e+01 1.000000000000000000e+00
4.461172420956017959e+00 4.470859476015771605e+00 4.464401439309269470e+00 1.311743983572753081e+01 1.000000000000000000e+00
4.470859476015771605e+00 4.480546531075526140e+00 4.477317512722274628e+00 1.345119786421281027e+01 1.000000000000000000e+00
4.480546531075526140e+00 4.487004567782029163e+00 4.483775549428777651e+00 1.377648775050978180e+01 1.000000000000000000e+00
4.487004567782029163e+00 4.496691622841783698e+00 4.490233586135280675e+00 1.412673705240747957e+01 1.000000000000000000e+00
4.496691622841783698e+00 4.506378677901537344e+00 4.503149659548285832e+00 1.461083279153995740e+01 1.000000000000000000e+00
4.506378677901537344e+00 4.512836714608040367e+00 4.509607696254788856e+00 1.483952067411476428e+01 1.000000000000000000e+00
4.512836714608040367e+00 4.522523769667794014e+00 4.516065732961291879e+00 1.476387581175831087e+01 1.000000000000000000e+00
4.522523769667794014e+00 4.532210824727548548e+00 4.528981806374297037e+00 1.447515586097900631e+01 1.000000000000000000e+00
4.532210824727548548e+00 4.541897879787303083e+00 4.535439843080800060e+00 1.418156529804082311e+01 1.000000000000000000e+00
4.541897879787303083e+00 4.551584934847056729e+00 4.548355916493805218e+00 1.394772235500830071e+01 1.000000000000000000e+00
4.551584934847056729e+00 4.558042971553559752e+00 4.554813953200308241e+00 1.398301882938722152e+01 1.000000000000000000e+00
4.558042971553559752e+00 4.567730026613313399e+00 4.561271989906811264e+00 1.422255318943745728e+01 1.000000000000000000e+00
4.567730026613313399e+00 4.577417081673067933e+00 4.574188063319816422e+00 1.466242578382944828e+01 1.000000000000000000e+00
4.577417081673067933e+00 4.583875118379570957e+00 4.580646100026319445e+00 1.502971812998775292e+01 1.000000000000000000e+00
4.583875118379570957e+00 4.593562173439325491e+00 4.587104136732822468e+00 1.505660228389969291e+01 1.000000000000000000e+00
4.593562173439325491e+00 4.603249228499079138e+00 4.600020210145827626e+00 1.515897797543472869e+01 1.000000000000000000e+00
4.603249228499079138e+00 4.609707265205582161e+00 4.606478246852330649e+00 1.531565122271708290e+01 1.000000000000000000e+00
4.609707265205582161e+00 4.619394320265335807e+00 4.612936283558833672e+00 1.540748128485709145e+01 1.000000000000000000e+00
4.619394320265335807e+00 4.629081375325090342e+00 4.625852356971838830e+00 1.543700169033515657e+01 1.000000000000000000e+00
4.629081375325090342e+00 4.635539412031593365e+00 4.632310393678341853e+00 1.531043198009508011e+01 1.000000000000000000e+00
4.635539412031593365e+00 4.645226467091347899e+00 4.638768430384844876e+00 1.533187242361342939e+01 1.000000000000000000e+00
4.645226467091347899e+00 4.654913522151101546e+00 4.651684503797850034e+00 1.545798206870039060e+01 1.000000000000000000e+00
4.654913522151101546e+00 4.661371558857604569e+00 4.658142540504353057e+00 1.531900754261925890e+01 1.000000000000000000e+00
4.661371558857604569e+00 4.671058613917358215e+00 4.664600577210856081e+00 1.516194518342145159e+01 1.000000000000000000e+00
4.671058613917358215e+00 4.680745668977112750e+00 4.677516650623861239e+00 1.503980917517058380e+01 1.000000000000000000e+00
4.680745668977112750e+00 4.687203705683615773e+00 4.683974687330364262e+00 1.517618227155419142e+01 1.000000000000000000e+00
4.687203705683615773e+00 4.696890760743370308e+00 4.690432724036867285e+00 1.557467952803544087e+01 1.000000000000000000e+00
4.696890760743370308e+00 4.706577815803123954e+00 4.703348797449872443e+00 1.581129179787089889e+01 1.000000000000000000e+00
4.706577815803123954e+00 4.713035852509626977e+00 4.709806834156375466e+00 1.598570474782531470e+01 1.000000000000000000e+00
4.713035852509626977e+00 4.722722907569380624e+00 4.716264870862878489e+00 1.596227455207004375e+01 1.000000000000000000e+00
4.722722907569380624e+00 4.732409962629135158e+00 4.729180944275883647e+00 1.583321221204818130e+01 1.000000000000000000e+00
4.732409962629135158e+00 4.738867999335638181e+00 4.735638980982386670e+00 1.555553374327170957e+01 1.000000000000000000e+00
4.738867999335638181e+00 4.748555054395392716e+00 4.742097017688889693e+00 1.544259011192377251e+01 1.000000000000000000e+00
4.748555054395392716e+00 4.758242109455146363e+00 4.755013091101894851e+00 1.540626193601556615e+01 1.000000000000000000e+00
4.758242109455146363e+00 4.764700146161649386e+00 4.761471127808397874e+00 1.531496973791906413e+01 1.000000000000000000e+00
4.764700146161649386e+00 4.771158182868152409e+00 4.767929164514900897e+00 1.526285309953233771e+01 1.000000000000000000e+00
4.771158182868152409e+00 4.780845237927906055e+00 4.774387201221403032e+00 1.535673727829468405e+01 1.000000000000000000e+00
4.780845237927906055e+00 4.790532292987660590e+00 4.787303274634409078e+00 1.561957896593287565e+01 1.000000000000000000e+00
4.790532292987660590e+00 4.796990329694163613e+00 4.793761311340912101e+00 1.608897772904250800e+01 1.000000000000000000e+00
4.796990329694163613e+00 4.806677384753918147e+00 4.800219348047415124e+00 1.643214386991408560e+01 1.000000000000000000e+00
4.806677384753918147e+00 4.816364439813671794e+00 4.813135421460420282e+00 1.673335534235904731e+01 1.000000000000000000e+00
4.816364439813671794e+00 4.822822476520174817e+00 4.819593458166923305e+00 1.710507748868047528e+01 1.000000000000000000e+00
4.822822476520174817e+00 4.829280513226676952e+00 4.826051494873425440e+00 1.737452642362887900e+01 1.000000000000000000e+00
4.829280513226676952e+00 4.838967568286431487e+00 4.832509531579928463e+00 1.725592649290930680e+01 1.000000000000000000e+00
4.838967568286431487e+00 4.848654623346186021e+00 4.845425604992934510e+00 1.713892984398579955e+01 1.000000000000000000e+00
4.848654623346186021e+00 4.855112660052688156e+00 4.851883641699437533e+00 1.702396854622805122e+01 1.000000000000000000e+00
4.855112660052688156e+00 4.864799715112442691e+00 4.858341678405939668e+00 1.659846153527696799e+01 1.000000000000000000e+00
4.864799715112442691e+00 4.874486770172197225e+00 4.871257751818945714e+00 1.609118871382848326e+01 1.000000000000000000e+00
4.874486770172197225e+00 4.880944806878699360e+00 4.877715788525447849e+00 1.586169433978692211e+01 1.000000000000000000e+00
4.880944806878699360e+00 4.887402843585202383e+00 4.884173825231950872e+00 1.571921476994368838e+01 1.000000000000000000e+00
4.887402843585202383e+00 4.897089898644956918e+00 4.890631861938453895e+00 1.588005795639696949e+01 1.000000000000000000e+00
4.897089898644956918e+00 4.906776953704710564e+00 4.903547935351459941e+00 1.602888723238423907e+01 1.000000000000000000e+00
4.906776953704710564e+00 4.913234990411213587e+00 4.910005972057962076e+00 1.614944831798791469e+01 1.000000000000000000e+00
4.913234990411213587e+00 4.919693027117716611e+00 4.916464008764465099e+00 1.613788190056871130e+01 1.000000000000000000e+00
4.919693027117716611e+00 4.929380082177470257e+00 4.922922045470968122e+00 1.603682935099264029e+01 1.000000000000000000e+00
4.929380082177470257e+00 4.939067137237224792e+00 4.935838118883973280e+00 1.594680363378319576e+01 1.000000000000000000e+00
4.939067137237224792e+00 4.945525173943727815e+00 4.942296155590476303e+00 1.586211410856346404e+01 1.000000000000000000e+00
4.945525173943727815e+00 4.951983210650230838e+00 4.948754192296979326e+00 1.591031858576717717e+01 1.000000000000000000e+00
4.951983210650230838e+00 4.961670265709985372e+00 4.955212229003482349e+00 1.600431511264935125e+01 1.000000000000000000e+00
4.961670265709985372e+00 4.971357320769739019e+00 4.968128302416487507e+00 1.628448279953906663e+01 1.000000000000000000e+00
4.971357320769739019e+00 4.977815357476242042e+00 4.974586339122990530e+00 1.673376132957407947e+01 1.000000000000000000e+00
4.977815357476242042e+00 4.984273394182744177e+00 4.981044375829492665e+00 1.749391329833772701e+01 1.000000000000000000e+00
4.984273394182744177e+00 4.993960449242498711e+00 4.987502412535995688e+00 1.819200808734029806e+01 1.000000000000000000e+00
4.993960449242498711e+00 5.003647504302253246e+00 5.000418485949001735e+00 1.882649060364392568e+01 1.000000000000000000e+00
5.003647504302253246e+00 5.010105541008755381e+00 5.006876522655504758e+00 1.901712432772753303e+01 1.000000000000000000e+00
5.010105541008755381e+00 5.016563577715258404e+00 5.013334559362006893e+00 1.903581309653544551e+01 1.000000000000000000e+00
5.016563577715258404e+00 5.023021614421761427e+00 5.019792596068509916e+00 1.876500828651891339e+01 1.000000000000000000e+00
5.023021614421761427e+00 5.032708669481515074e+00 5.026250632775012939e+00 1.852256410203852965e+01 1.000000000000000000e+00
5.032708669481515074e+00 5.042395724541269608e+00 5.039166706188018097e+00 1.875504765523973205e+01 1.000000000000000000e+00
5.042395724541269608e+00 5.048853761247772631e+00 5.045624742894521120e+00 1.888463858767194026e+01 1.000000000000000000e+00
5.048853761247772631e+00 5.055311797954275654e+00 5.052082779601024143e+00 1.866619408287475324e+01 1.000000000000000000e+00
5.055311797954275654e+00 5.064998853014030189e+00 5.058540816307527166e+00 1.863074659378742481e+01 1.000000000000000000e+00
5.064998853014030189e+00 5.074685908073783835e+00 5.071456889720532324e+00 1.887758439160258206e+01 1.000000000000000000e+00
5.074685908073783835e+00 5.081143944780286859e+00 5.077914926427035347e+00 1.919736846333576707e+01 1.000000000000000000e+00
5.081143944780286859e+00 5.087601981486788993e+00 5.084372963133537482e+00 1.958482579301858095e+01 1.000000000000000000e+00
5.087601981486788993e+00 5.094060018193292017e+00 5.090830999840040505e+00 1.954734769016511464e+01 1.000000000000000000e+00
5.094060018193292017e+00 5.103747073253046551e+00 5.097289036546543528e+00 1.930737554690636770e+01 1.000000000000000000e+00
5.103747073253046551e+00 5.113434128312800198e+00 5.110205109959549574e+00 1.883628679056793942e+01 1.000000000000000000e+00
5.113434128312800198e+00 5.119892165019303221e+00 5.116663146666051709e+00 1.835275431160097881e+01 1.000000000000000000e+00
5.119892165019303221e+00 5.126350201725806244e+00 5.123121183372554732e+00 1.853184290423797620e+01 1.000000000000000000e+00
5.126350201725806244e+00 5.132808238432309267e+00 5.129579220079057755e+00 1.879209718979320698e+01 1.000000000000000000e+00
5.132808238432309267e+00 5.142495293492062913e+00 5.136037256785559890e+00 1.948502228406098524e+01 1.000000000000000000e+00
5.142495293492062913e+00 5.152182348551817448e+00 5.148953330198565936e+00 2.015324950201738119e+01 1.000000000000000000e+00
5.152182348551817448e+00 5.158640385258320471e+00 5.155411366905068959e+00 2.041731420236069638e+01 1.000000000000000000e+00
5.158640385258320471e+00 5.165098421964822606e+00 5.161869403611571983e+00 2.068433849476934938e+01 1.000000000000000000e+00
5.165098421964822606e+00 5.171556458671325629e+00 5.168327440318074117e+00 2.095370545591685740e+01 1.000000000000000000e+00
5.171556458671325629e+00 5.178014495377828652e+00 5.174785477024577141e+00 2.123035253746696682e+01 1.000000000000000000e+00
5.178014495377828652e+00 5.187701550437582299e+00 5.181243513731080164e+00 2.151179433736303537e+01 1.000000000000000000e+00
5.187701550437582299e+00 5.197388605497336833e+00 5.194159587144085322e+00 2.157928966913059909e+01 1.000000000000000000e+00
5.197388605497336833e+00 5.203846642203839856e+00 5.200617623850588345e+00 2.143447965329472993e+01 1.000000000000000000e+00
5.203846642203839856e+00 5.210304678910342879e+00 5.207075660557091368e+00 2.134390522367342768e+01 1.000000000000000000e+00
5.210304678910342879e+00 5.216762715616845014e+00 5.213533697263594391e+00 2.129075667993738108e+01 1.000000000000000000e+00
5.216762715616845014e+00 5.226449770676599549e+00 5.219991733970096526e+00 2.140148692471280611e+01 1.000000000000000000e+00
5.226449770676599549e+00 5.236136825736354083e+00 5.232907807383102572e+00 2.159062084609558596e+01 1.000000000000000000e+00
5.236136825736354083e+00 5.242594862442856218e+00 5.239365844089604707e+00 2.183782850404364240e+01 1.000000000000000000e+00
5.242594862442856218e+00 5.249052899149359241e+00 5.245823880796107730e+00 2.210869998214760912e+01 1.000000000000000000e+00
5.249052899149359241e+00 5.255510935855862265e+00 5.252281917502610753e+00 2.227931555698138766e+01 1.000000000000000000e+00
5.255510935855862265e+00 5.261968972562365288e+00 5.258739954209113776e+00 2.243166835157239092e+01 1.000000000000000000e+00
5.261968972562365288e+00 5.271656027622119822e+00 5.265197990915616799e+00 2.242537169091566085e+01 1.000000000000000000e+00
5.271656027622119822e+00 5.281343082681873469e+00 5.278114064328621957e+00 2.240412875062035525e+01 1.000000000000000000e+00
5.281343082681873469e+00 5.287801119388376492e+00 5.284572101035124980e+00 2.240068831408618522e+01 1.000000000000000000e+00
5.287801119388376492e+00 5.294259156094878627e+00 5.291030137741627115e+00 2.240526603852014276e+01 1.000000000000000000e+00
5.294259156094878627e+00 5.300717192801381650e+00 5.297488174448130138e+00 2.266017901801829026e+01 1.000000000000000000e+00
5.347687775507400154e+00 5.423007321641306611e+00 5.372794290885368973e+00 1.000000000000000000e+01 1.000000000000000000e+00
5.423007321641306611e+00 5.498326867775213067e+00 5.473220352397244248e+00 1.000000000000000000e+01 1.000000000000000000e+00
5.498326867775213067e+00 5.548539898531150705e+00 5.523433383153181886e+00 1.000000000000000000e+01 1.000000000000000000e+00
5.548539898531150705e+00 5.598752929287088342e+00 5.573646413909119524e+00 1.000000000000000000e+01 1.000000000000000000e+00
5.598752929287088342e+00 5.674072475420994799e+00 5.623859444665057161e+00 1.000000000000000000e+01 1.000000000000000000e+00
5.674072475420994799e+00 5.749392021554901255e+00 5.724285506176932437e+00 1.000000000000000000e+01 1.000000000000000000e+00
5.749392021554901255e+00 5.799605052310838893e+00 5.774498536932870074e+00 1.000000000000000000e+01 1.000000000000000000e+00
5.799605052310838893e+00 5.849818083066776531e+00 5.824711567688807712e+00 1.000000000000000000e+01 1.000000000000000000e+00
5.849818083066776531e+00 5.900031113822714168e+00 5.874924598444745349e+00 1.000000000000000000e+01 1.000000000000000000e+00
5.900031113822714168e+00 5.950244144578651806e+00 5.925137629200682987e+00 1.000000000000000000e+01 1.000000000000000000e+00
5.950244144578651806e+00 6.000457175334589444e+00 5.975350659956620625e+00 1.000000000000000000e+01 1.000000000000000000e+00
6.000457175334589444e+00 6.050670206090527081e+00 6.025563690712558262e+00 1.000000000000000000e+01 1.000000000000000000e+00
6.050670206090527081e+00 6.100883236846464719e+00 6.075776721468495900e+00 1.000000000000000000e+01 1.000000000000000000e+00
6.100883236846464719e+00 6.151096267602402357e+00 6.125989752224433538e+00 1.000000000000000000e+01 1.000000000000000000e+00
6.151096267602402357e+00 6.201309298358339994e+00 6.176202782980371175e+00 1.000000000000000000e+01 1.000000000000000000e+00
6.201309298358339994e+00 6.251522329114277632e+00 6.226415813736308813e+00 1.000000000000000000e+01 1.000000000000000000e+00
6.251522329114277632e+00 6.301735359870215269e+00 6.276628844492246451e+00 1.000000000000000000e+01 1.000000000000000000e+00
6.301735359870215269e+00 6.351948390626152907e+00 6.326841875248184088e+00 1.000000000000000000e+01 1.000000000000000000e+00
6.351948390626152907e+00 6.402161421382090545e+00 6.377054906004121726e+00 1.000000000000000000e+01 1.000000000000000000e+00
6.402161421382090545e+00 6.452374452138028182e+00 6.427267936760059364e+00 1.000000000000000000e+01 1.000000000000000000e+00
6.452374452138028182e+00 6.502587482893965820e+00 6.477480967515997001e+00 1.000000000000000000e+01 2.000000000000000000e+00
6.502587482893965820e+00 6.552800513649903458e+00 6.527693998271934639e+00 1.000000000000000000e+01 1.000000000000000000e+00
6.552800513649903458e+00 6.603013544405841095e+00 6.577907029027872277e+00 1.000000000000000000e+01 1.000000000000000000e+00
6.603013544405841095e+00 6.653226575161778733e+00 6.628120059783809914e+00 1.000000000000000000e+01 1.000000000000000000e+00
6.653226575161778733e+00 6.703439605917716371e+00 6.678333090539747552e+00 1.000000000000000000e+01 1.000000000000000000e+00
6.703439605917716371e+00 6.753652636673654008e+00 6.728546121295685190e+00 1.000000000000000000e+01 1.000000000000000000e+00
6.753652636673654008e+00 6.803865667429591646e+00 6.778759152051622827e+00 1.000000000000000000e+01 2.000000000000000000e+00
6.803865667429591646e+00 6.854078698185529284e+00 6.828972182807560465e+00 1.000000000000000000e+01 1.000000000000000000e+00
6.854078698185529284e+00 6.904291728941466921e+00 6.879185213563498102e+00 1.000000000000000000e+01 1.000000000000000000e+00
6.904291728941466921e+00 6.954504759697404559e+00 6.929398244319435740e+00 1.000000000000000000e+01 2.000000000000000000e+00
6.954504759697404559e+00 7.004717790453342197e+00 6.979611275075373378e+00 1.000000000000000000e+01 1.000000000000000000e+00
7.004717790453342197e+00 7.054930821209279834e+00 7.029824305831311015e+00 1.000000000000000000e+01 1.000000000000000000e+00
7.054930821209279834e+00 7.105143851965217472e+00 7.080037336587248653e+00 1.000000000000000000e+01 1.000000000000000000e+00
7.105143851965217472e+00 7.155356882721155110e+00 7.130250367343186291e+00 1.000000000000000000e+01 2.000000000000000000e+00
7.155356882721155110e+00 7.205569913477092747e+00 7.180463398099123928e+00 1.034201521991242068e+01 1.000000000000000000e+00
7.205569913477092747e+00 7.255782944233030385e+00 7.230676428855061566e+00 1.047705900273856017e+01 1.000000000000000000e+00
7.255782944233030385e+00 7.305995974988968023e+00 7.280889459610999204e+00 1.000000000000000000e+01 2.000000000000000000e+00
7.305995974988968023e+00 7.356209005744905660e+00 7.331102490366936841e+00 1.086835889066698257e+01 1.000000000000000000e+00
7.356209005744905660e+00 7.406422036500843298e+00 7.381315521122874479e+00 1.000000000000000000e+01 2.000000000000000000e+00
7.406422036500843298e+00 7.456635067256780935e+00 7.431528551878812117e+00 1.126360813761403179e+01 1.000000000000000000e+00
7.456635067256780935e+00 7.506848098012718573e+00 7.481741582634749754e+00 1.139402763528984330e+01 1.000000000000000000e+00
7.506848098012718573e+00 7.557061128768656211e+00 7.531954613390687392e+00 1.000000000000000000e+01 2.000000000000000000e+00
7.557061128768656211e+00 7.607274159524593848e+00 7.582167644146625030e+00 1.171100160926270561e+01 1.000000000000000000e+00
7.607274159524593848e+00 7.657487190280531486e+00 7.632380674902562667e+00 1.000000000000000000e+01 2.000000000000000000e+00
7.657487190280531486e+00 7.707700221036469124e+00 7.682593705658500305e+00 1.200882632941302752e+01 1.000000000000000000e+00
7.707700221036469124e+00 7.757913251792406761e+00 7.732806736414437943e+00 1.000000000000000000e+01 2.000000000000000000e+00
7.757913251792406761e+00 7.808126282548344399e+00 7.783019767170375580e+00 1.230999990204664840e+01 1.000000000000000000e+00
7.808126282548344399e+00 7.858339313304282037e+00 7.833232797926313218e+00 1.000000000000000000e+01 2.000000000000000000e+00
7.858339313304282037e+00 7.908552344060219674e+00 7.883445828682250855e+00 1.262681610359266138e+01 1.000000000000000000e+00
7.908552344060219674e+00 7.958765374816157312e+00 7.933658859438188493e+00 1.000000000000000000e+01 2.000000000000000000e+00
7.958765374816157312e+00 8.008978405572095838e+00 7.983871890194126131e+00 1.000000000000000000e+01 2.000000000000000000e+00
8.008978405572095838e+00 8.059191436328033475e+00 8.034084920950064657e+00 1.318999653365636071e+01 1.000000000000000000e+00
8.059191436328033475e+00 8.109404467083971113e+00 8.084297951706002294e+00 1.000000000000000000e+01 2.000000000000000000e+00
8.109404467083971113e+00 8.159617497839908751e+00 8.134510982461939932e+00 1.359445160063007130e+01 1.000000000000000000e+00
8.159617497839908751e+00 8.209830528595846388e+00 8.184724013217877570e+00 1.000000000000000000e+01 2.000000000000000000e+00
8.209830528595846388e+00 8.260043559351784026e+00 8.234937043973815207e+00 1.000000000000000000e+01 2.000000000000000000e+00
8.260043559351784026e+00 8.310256590107721664e+00 8.285150074729752845e+00 1.425077832526659094e+01 1.000000000000000000e+00
8.310256590107721664e+00 8.360469620863659301e+00 8.335363105485690483e+00 1.022631808222696215e+01 2.000000000000000000e+00
8.360469620863659301e+00 8.410682651619596939e+00 8.385576136241628120e+00 1.042637991686165932e+01 2.000000000000000000e+00
8.410682651619596939e+00 8.460895682375534577e+00 8.435789166997565758e+00 1.493545982880492673e+01 1.000000000000000000e+00
8.460895682375534577e+00 8.511108713131472214e+00 8.486002197753503395e+00 1.069729797329254772e+01 2.000000000000000000e+00
8.511108713131472214e+00 8.561321743887409852e+00 8.536215228509441033e+00 1.089862441991585662e+01 2.000000000000000000e+00
8.561321743887409852e+00 8.611534774643347490e+00 8.586428259265378671e+00 1.563823838570223224e+01 1.000000000000000000e+00
8.611534774643347490e+00 8.661747805399285127e+00 8.636641290021316308e+00 1.122099927747403569e+01 2.000000000000000000e+00
8.661747805399285127e+00 8.711960836155222765e+00 8.686854320777253946e+00 1.144044311490668342e+01 2.000000000000000000e+00
8.711960836155222765e+00 8.762173866911160403e+00 8.737067351533191584e+00 1.166689880557489012e+01 2.000000000000000000e+00
8.762173866911160403e+00 8.812386897667098040e+00 8.787280382289129221e+00 1.190063834071030868e+01 2.000000000000000000e+00
8.812386897667098040e+00 8.862599928423035678e+00 8.837493413045066859e+00 1.707522607215137711e+01 1.000000000000000000e+00
8.862599928423035678e+00 8.912812959178973315e+00 8.887706443801004497e+00 1.224632262028755214e+01 2.000000000000000000e+00
8.912812959178973315e+00 8.963025989934910953e+00 8.937919474556942134e+00 1.247944817862042477e+01 2.000000000000000000e+00
8.963025989934910953e+00 9.013239020690848591e+00 8.988132505312879772e+00 1.272326431459431539e+01 2.000000000000000000e+00
9.013239020690848591e+00 9.063452051446786228e+00 9.038345536068817410e+00 1.298569067166497959e+01 2.000000000000000000e+00
9.063452051446786228e+00 9.113665082202723866e+00 9.088558566824755047e+00 1.326057654005639641e+01 2.000000000000000000e+00
9.113665082202723866e+00 9.163878112958661504e+00 9.138771597580692685e+00 1.354366453614187016e+01 2.000000000000000000e+00
9.163878112958661504e+00 9.214091143714599141e+00 9.188984628336630323e+00 1.383278828134930905e+01 2.000000000000000000e+00
9.214091143714599141e+00 9.264304174470536779e+00 9.239197659092567960e+00 1.412280019092372463e+01 2.000000000000000000e+00
9.264304174470536779e+00 9.314517205226474417e+00 9.289410689848505598e+00 1.442077346414671624e+01 2.000000000000000000e+00
9.314517205226474417e+00 9.364730235982412054e+00 9.339623720604443236e+00 1.472864518331627259e+01 2.000000000000000000e+00
9.364730235982412054e+00 9.414943266738349692e+00 9.389836751360380873e+00 1.503287853772080140e+01 2.000000000000000000e+00
9.414943266738349692e+00 9.465156297494287330e+00 9.440049782116318511e+00 1.533690057572314913e+01 2.000000000000000000e+00
9.465156297494287330e+00 9.515369328250224967e+00 9.490262812872256148e+00 1.563689895441905087e+01 2.000000000000000000e+00
9.515369328250224967e+00 9.565582359006162605e+00 9.540475843628193786e+00 1.591169157330314654e+01 2.000000000000000000e+00
9.565582359006162605e+00 9.615795389762100243e+00 9.590688874384131424e+00 1.616998673550180499e+01 2.000000000000000000e+00
9.615795389762100243e+00 9.666008420518037880e+00 9.640901905140069061e+00 1.643636796344267381e+01 2.000000000000000000e+00
9.666008420518037880e+00 9.716221451273975518e+00 9.691114935896006699e+00 1.672072164139102668e+01 2.000000000000000000e+00
9.716221451273975518e+00 9.766434482029913156e+00 9.741327966651944337e+00 1.704043132064008859e+01 2.000000000000000000e+00
9.766434482029913156e+00 9.816647512785850793e+00 9.791540997407881974e+00 1.424250676309811858e+01 3.000000000000000000e+00
9.816647512785850793e+00 9.866860543541788431e+00 9.841754028163819612e+00 1.775992388490477936e+01 2.000000000000000000e+00
9.866860543541788431e+00 9.917073574297726068e+00 9.891967058919757250e+00 1.804491618364193428e+01 2.000000000000000000e+00
9.917073574297726068e+00 9.967286605053663706e+00 9.942180089675694887e+00 1.836607877521073107e+01 2.000000000000000000e+00
9.967286605053663706e+00 1.001749963580960134e+01 9.992393120431632525e+00 1.871132400345494773e+01 2.000000000000000000e+00
1.001749963580960134e+01 1.006771266656553898e+01 1.004260615118757016e+01 1.570332570780297310e+01 3.000000000000000000e+00
1.006771266656553898e+01 1.011792569732147662e+01 1.009281918194350780e+01 1.983776441911068034e+01 2.000000000000000000e+00
1.011792569732147662e+01 1.016813872807741426e+01 1.014303221269944544e+01 2.034488845409106617e+01 2.000000000000000000e+00
1.016813872807741426e+01 1.021835175883335189e+01 1.019324524345538308e+01 1.721977282594368575e+01 3.000000000000000000e+00
1.021835175883335189e+01 1.026856478958928953e+01 1.024345827421132071e+01 2.179359464301231597e+01 2.000000000000000000e+00
1.026856478958928953e+01 1.031877782034522717e+01 1.029367130496725835e+01 2.223536857303222192e+01 2.000000000000000000e+00
1.031877782034522717e+01 1.036899085110116481e+01 1.034388433572319599e+01 1.870026665661123744e+01 3.000000000000000000e+00
1.036899085110116481e+01 1.041920388185710244e+01 1.039409736647913363e+01 2.364590926638337010e+01 2.000000000000000000e+00
1.041920388185710244e+01 1.046941691261304008e+01 1.044431039723507126e+01 2.428734441008946021e+01 2.000000000000000000e+00
1.046941691261304008e+01 1.051962994336897772e+01 1.049452342799100890e+01 2.053626954108470670e+01 3.000000000000000000e+00
1.051962994336897772e+01 1.056984297412491536e+01 1.054473645874694654e+01 2.610641883695841514e+01 2.000000000000000000e+00
1.056984297412491536e+01 1.062005600488085300e+01 1.059494948950288418e+01 2.222409922256946402e+01 3.000000000000000000e+00
1.062005600488085300e+01 1.067026903563679063e+01 1.064516252025882181e+01 2.835334939535955812e+01 2.000000000000000000e+00
1.067026903563679063e+01 1.072048206639272827e+01 1.069537555101475945e+01 2.407382309145128829e+01 3.000000000000000000e+00
1.072048206639272827e+01 1.077069509714866591e+01 1.074558858177069709e+01 3.060843054424318410e+01 2.000000000000000000e+00
1.077069509714866591e+01 1.082090812790460355e+01 1.079580161252663473e+01 2.594203679163294751e+01 3.000000000000000000e+00
1.082090812790460355e+01 1.087112115866054118e+01 1.084601464328257237e+01 2.711810720455244450e+01 3.000000000000000000e+00
1.087112115866054118e+01 1.092133418941647882e+01 1.089622767403851000e+01 3.448074979419092045e+01 2.000000000000000000e+00
1.092133418941647882e+01 1.097154722017241646e+01 1.094644070479444764e+01 2.922474026538679581e+01 3.000000000000000000e+00
1.097154722017241646e+01 1.102176025092835410e+01 1.099665373555038528e+01 3.711886271991980379e+01 2.000000000000000000e+00
1.102176025092835410e+01 1.107197328168429173e+01 1.104686676630632292e+01 3.141839504022525986e+01 3.000000000000000000e+00
1.107197328168429173e+01 1.112218631244022937e+01 1.109707979706226055e+01 3.278556801672159793e+01 3.000000000000000000e+00
1.112218631244022937e+01 1.117239934319616701e+01 1.114729282781819819e+01 4.150899050241097399e+01 2.000000000000000000e+00
1.117239934319616701e+01 1.122261237395210465e+01 1.119750585857413583e+01 3.496906833443847518e+01 3.000000000000000000e+00
1.122261237395210465e+01 1.127282540470804229e+01 1.124771888933007347e+01 3.627786071244311472e+01 3.000000000000000000e+00
1.127282540470804229e+01 1.132303843546397992e+01 1.129793192008601110e+01 4.575554226137803937e+01 2.000000000000000000e+00
1.132303843546397992e+01 1.137325146621991756e+01 1.134814495084194874e+01 3.853780239635602101e+01 3.000000000000000000e+00
1.137325146621991756e+01 1.142346449697585520e+01 1.139835798159788638e+01 4.006486667337457419e+01 3.000000000000000000e+00
1.142346449697585520e+01 1.147367752773179284e+01 1.144857101235382402e+01 4.167879890378124941e+01 3.000000000000000000e+00
1.147367752773179284e+01 1.152389055848773047e+01 1.149878404310976165e+01 5.265135704045530218e+01 2.000000000000000000e+00
1.152389055848773047e+01 1.157410358924366811e+01 1.154899707386569929e+01 4.430944819436038529e+01 3.000000000000000000e+00
1.157410358924366811e+01 1.162431661999960575e+01 1.159921010462163693e+01 4.610676335803997716e+01 3.000000000000000000e+00
1.162431661999960575e+01 1.167452965075554339e+01 1.164942313537757457e+01 4.802248878323333514e+01 3.000000000000000000e+00
1.167452965075554339e+01 1.172474268151148102e+01 1.169963616613351221e+01 5.002432099198986748e+01 3.000000000000000000e+00
1.172474268151148102e+01 1.177495571226741866e+01 1.174984919688944984e+01 6.348172624530378982e+01 2.000000000000000000e+00
1.177495571226741866e+01 1.182516874302335630e+01 1.180006222764538748e+01 5.379806511246560063e+01 3.000000000000000000e+00
1.182516874302335630e+01 1.187538177377929394e+01 1.185027525840132512e+01 5.631644309409329452e+01 3.000000000000000000e+00
1.187538177377929394e+01 1.192559480453523157e+01 1.190048828915726276e+01 5.908794829746116761e+01 3.000000000000000000e+00
1.192559480453523157e+01 1.197580783529116921e+01 1.195070131991320039e+01 6.206156383621625849e+01 3.000000000000000000e+00
1.197580783529116921e+01 1.202602086604710685e+01 1.200091435066913803e+01 6.512161898889486622e+01 3.000000000000000000e+00
1.202602086604710685e+01 1.207623389680304449e+01 1.205112738142507567e+01 6.826772095524688666e+01 3.000000000000000000e+00
1.207623389680304449e+01 1.212644692755898213e+01 1.210134041218101331e+01 7.175964370470711629e+01 3.000000000000000000e+00
1.212644692755898213e+01 1.217665995831491976e+01 1.215155344293695094e+01 7.535141567909010973e+01 3.000000000000000000e+00
1.217665995831491976e+01 1.222687298907085740e+01 1.220176647369288858e+01 7.882198172601924568e+01 3.000000000000000000e+00
1.222687298907085740e+01 1.227708601982679504e+01 1.225197950444882622e+01 8.249339789306347370e+01 3.000000000000000000e+00
1.227708601982679504e+01 1.232729905058273268e+01 1.230219253520476386e+01 8.640169797235559201e+01 3.000000000000000000e+00
1.232729905058273268e+01 1.237751208133867031e+01 1.235240556596070149e+01 9.079224645006389949e+01 3.000000000000000000e+00
1.237751208133867031e+01 1.242772511209460795e+01 1.240261859671663913e+01 9.608902069925763101e+01 3.000000000000000000e+00
1.242772511209460795e+01 1.247793814285054559e+01 1.245283162747257677e+01 8.928980696431442254e+01 4.000000000000000000e+00
1.247793814285054559e+01 1.252815117360648323e+01 1.250304465822851441e+01 1.101248895813618986e+02 3.000000000000000000e+00
1.252815117360648323e+01 1.257836420436242086e+01 1.255325768898445205e+01 1.167442989492532206e+02 3.000000000000000000e+00
1.257836420436242086e+01 1.262857723511835850e+01 1.260347071974038968e+01 1.251216183175039873e+02 3.000000000000000000e+00
1.262857723511835850e+01 1.267879026587429614e+01 1.265368375049632732e+01 1.345365694584631058e+02 3.000000000000000000e+00
1.267879026587429614e+01 1.272900329663023378e+01 1.270389678125226496e+01 1.227272287491176428e+02 4.000000000000000000e+00
1.272900329663023378e+01 1.277921632738617141e+01 1.275410981200820260e+01 1.504003593017469882e+02 3.000000000000000000e+00
1.277921632738617141e+01 1.282942935814210905e+01 1.280432284276414023e+01 1.598156471377382388e+02 3.000000000000000000e+00
1.282942935814210905e+01 1.287964238889804669e+01 1.285453587352007787e+01 1.492281524275612412e+02 4.000000000000000000e+00
1.287964238889804669e+01 1.292985541965398433e+01 1.290474890427601551e+01 1.861895495387690573e+02 3.000000000000000000e+00
1.292985541965398433e+01 1.298006845040992197e+01 1.295496193503195315e+01 1.986834605153037785e+02 3.000000000000000000e+00
1.298006845040992197e+01 1.303028148116585960e+01 1.300517496578789078e+01 1.839420110072597083e+02 4.000000000000000000e+00
1.303028148116585960e+01 1.308049451192179724e+01 1.305538799654382842e+01 2.268956373877680051e+02 3.000000000000000000e+00
1.308049451192179724e+01 1.313070754267773488e+01 1.310560102729976606e+01 2.095643481720136663e+02 4.000000000000000000e+00
1.313070754267773488e+01 1.318092057343367252e+01 1.315581405805570370e+01 2.579479693514205110e+02 3.000000000000000000e+00
1.318092057343367252e+01 1.323113360418961015e+01 1.320602708881164133e+01 2.389796445270128800e+02 4.000000000000000000e+00
1.323113360418961015e+01 1.328134663494554779e+01 1.325624011956757897e+01 2.946803092814449769e+02 3.000000000000000000e+00
1.328134663494554779e+01 1.333155966570148543e+01 1.330645315032351661e+01 2.728959813861447969e+02 4.000000000000000000e+00
1.333155966570148543e+01 1.338177269645742307e+01 1.335666618107945425e+01 3.354458816196088264e+02 3.000000000000000000e+00
1.338177269645742307e+01 1.343198572721336070e+01 1.340687921183539189e+01 3.075106139126824587e+02 4.000000000000000000e+00
1.343198572721336070e+01 1.348219875796929834e+01 1.345709224259132952e+01 3.780828266184884683e+02 3.000000000000000000e+00
1.348219875796929834e+01 1.353241178872523598e+01 1.350730527334726716e+01 3.502041509360433906e+02 4.000000000000000000e+00
1.353241178872523598e+01 1.358262481948117362e+01 1.355751830410320480e+01 3.799942711716992676e+02 4.000000000000000000e+00
1.358262481948117362e+01 1.363283785023711125e+01 1.360773133485914244e+01 4.705817493947818093e+02 3.000000000000000000e+00
1.363283785023711125e+01 1.368305088099304889e+01 1.365794436561508007e+01 4.317271671036215821e+02 4.000000000000000000e+00
1.368305088099304889e+01 1.373326391174898653e+01 1.370815739637101771e+01 4.656741399666302073e+02 4.000000000000000000e+00
1.373326391174898653e+01 1.378347694250492417e+01 1.375837042712695535e+01 5.153185733735699614e+02 4.000000000000000000e+00
1.378347694250492417e+01 1.383368997326086181e+01 1.380858345788289299e+01 6.665529253045261839e+02 3.000000000000000000e+00
1.383368997326086181e+01 1.388390300401679944e+01 1.385879648863883062e+01 8.983039082425466404e+02 3.000000000000000000e+00
