WavLow(micr), WavUpp(micr), WavC(micr), BinnedNoise(ppm), Npix
5.988272676209762668e-01 6.061637100202124095e-01 6.024954888205943382e-01 2.293722742146988836e+01 1.000000000000000000e+00
6.061637100202124095e-01 6.135001524194487743e-01 6.098319312198305919e-01 1.623819482355046162e+01 2.000000000000000000e+00
6.135001524194487743e-01 6.208365948186849170e-01 6.171683736190668457e-01 1.577214755127210921e+01 2.000000000000000000e+00
6.208365948186849170e-01 6.281730372179212818e-01 6.245048160183030994e-01 2.012232264744134014e+01 1.000000000000000000e+00
6.281730372179212818e-01 6.355094796171574245e-01 6.318412584175393532e-01 1.305936283923398911e+01 2.000000000000000000e+00
6.355094796171574245e-01 6.428459220163937893e-01 6.391777008167756069e-01 1.710269068212268095e+01 1.000000000000000000e+00
6.428459220163937893e-01 6.501823644156299320e-01 6.465141432160118606e-01 1.634824122994354312e+01 1.000000000000000000e+00
6.501823644156299320e-01 6.575188068148662968e-01 6.538505856152481144e-01 1.094974158448266621e+01 2.000000000000000000e+00
6.575188068148662968e-01 6.648552492141024395e-01 6.611870280144843681e-01 1.452549196148476618e+01 1.000000000000000000e+00
6.648552492141024395e-01 6.721916916133388042e-01 6.685234704137206219e-01 1.373029404253013475e+01 1.000000000000000000e+00
6.721916916133388042e-01 6.795281340125749470e-01 6.758599128129568756e-01 1.303636052716829319e+01 1.000000000000000000e+00
6.795281340125749470e-01 6.868645764118113117e-01 6.831963552121931293e-01 1.000000000000000000e+01 2.000000000000000000e+00
6.868645764118113117e-01 6.942010188110474544e-01 6.905327976114293831e-01 1.150716337608893269e+01 1.000000000000000000e+00
6.942010188110474544e-01 7.015374612102838192e-01 6.978692400106656368e-01 1.118786129603486401e+01 1.000000000000000000e+00
7.015374612102838192e-01 7.088739036095199619e-01 7.052056824099018906e-01 1.088063710678123286e+01 1.000000000000000000e+00
7.088739036095199619e-01 7.162103460087563267e-01 7.125421248091381443e-01 1.057905625066184285e+01 1.000000000000000000e+00
7.162103460087563267e-01 7.235467884079924694e-01 7.198785672083743981e-01 1.030278849192603552e+01 1.000000000000000000e+00
7.235467884079924694e-01 7.308832308072288342e-01 7.272150096076106518e-01 1.006883485531382583e+01 1.000000000000000000e+00
7.308832308072288342e-01 7.382196732064649769e-01 7.345514520068469055e-01 1.000000000000000000e+01 1.000000000000000000e+00
7.382196732064649769e-01 7.455561156057013417e-01 7.418878944060831593e-01 1.000000000000000000e+01 1.000000000000000000e+00
7.455561156057013417e-01 7.528925580049374844e-01 7.492243368053194130e-01 1.000000000000000000e+01 1.000000000000000000e+00
7.528925580049374844e-01 7.602290004041738491e-01 7.565607792045556668e-01 1.000000000000000000e+01 1.000000000000000000e+00
7.602290004041738491e-01 7.675654428034099919e-01 7.638972216037919205e-01 1.000000000000000000e+01 1.000000000000000000e+00
7.675654428034099919e-01 7.749018852026463566e-01 7.712336640030281742e-01 1.000000000000000000e+01 1.000000000000000000e+00
7.749018852026463566e-01 7.859065488015006817e-01 7.785701064022644280e-01 1.000000000000000000e+01 1.000000000000000000e+00
7.859065488015006817e-01 7.969112124003550068e-01 7.932429912007369355e-01 1.000000000000000000e+01 1.000000000000000000e+00
7.969112124003550068e-01 8.042476547995913716e-01 8.005794335999731892e-01 1.000000000000000000e+01 1.000000000000000000e+00
8.042476547995913716e-01 8.115840971988275143e-01 8.079158759992094430e-01 1.000000000000000000e+01 1.000000000000000000e+00
8.115840971988275143e-01 8.225887607976819504e-01 8.152523183984456967e-01 1.000000000000000000e+01 1.000000000000000000e+00
8.225887607976819504e-01 8.335934243965363866e-01 8.299252031969182042e-01 1.000000000000000000e+01 1.000000000000000000e+00
8.335934243965363866e-01 8.445980879953907117e-01 8.372616455961544579e-01 1.000000000000000000e+01 1.000000000000000000e+00
8.445980879953907117e-01 8.556027515942450368e-01 8.519345303946269654e-01 1.000000000000000000e+01 1.000000000000000000e+00
8.556027515942450368e-01 8.629391939934814015e-01 8.592709727938632192e-01 1.000000000000000000e+01 1.000000000000000000e+00
8.629391939934814015e-01 8.739438575923357266e-01 8.666074151930994729e-01 1.000000000000000000e+01 1.000000000000000000e+00
8.739438575923357266e-01 8.886167423908082341e-01 8.812802999915719804e-01 1.000000000000000000e+01 1.000000000000000000e+00
8.886167423908082341e-01 8.996214059896625592e-01 8.959531847900444879e-01 1.000000000000000000e+01 1.000000000000000000e+00
8.996214059896625592e-01 9.106260695885169953e-01 9.032896271892807416e-01 1.000000000000000000e+01 1.000000000000000000e+00
9.106260695885169953e-01 9.216307331873714315e-01 9.179625119877532491e-01 1.000000000000000000e+01 1.000000000000000000e+00
9.216307331873714315e-01 9.326353967862257566e-01 9.252989543869895028e-01 1.000000000000000000e+01 1.000000000000000000e+00
9.326353967862257566e-01 9.473082815846982641e-01 9.399718391854620103e-01 1.000000000000000000e+01 1.000000000000000000e+00
9.473082815846982641e-01 9.619811663831707715e-01 9.546447239839345178e-01 1.000000000000000000e+01 1.000000000000000000e+00
9.619811663831707715e-01 9.766540511816432790e-01 9.693176087824070253e-01 1.000000000000000000e+01 1.000000000000000000e+00
9.766540511816432790e-01 9.913269359801157865e-01 9.839904935808795328e-01 1.000000000000000000e+01 1.000000000000000000e+00
9.913269359801157865e-01 1.005999820778588294e+00 9.986633783793520402e-01 1.000000000000000000e+01 1.000000000000000000e+00
1.005999820778588294e+00 1.020672705577060801e+00 1.013336263177824659e+00 1.000000000000000000e+01 1.000000000000000000e+00
1.020672705577060801e+00 1.035345590375533309e+00 1.028009147976296944e+00 1.000000000000000000e+01 1.000000000000000000e+00
1.035345590375533309e+00 1.050018475174005816e+00 1.042682032774769674e+00 1.000000000000000000e+01 1.000000000000000000e+00
1.050018475174005816e+00 1.064691359972478324e+00 1.057354917573241959e+00 1.000000000000000000e+01 1.000000000000000000e+00
1.064691359972478324e+00 1.079364244770950831e+00 1.072027802371714689e+00 1.000000000000000000e+01 1.000000000000000000e+00
1.079364244770950831e+00 1.094037129569423339e+00 1.086700687170186974e+00 1.000000000000000000e+01 1.000000000000000000e+00
1.094037129569423339e+00 1.112378235567514029e+00 1.101373571968659704e+00 1.000000000000000000e+01 1.000000000000000000e+00
1.112378235567514029e+00 1.130719341565604719e+00 1.123382899166368354e+00 1.000000000000000000e+01 1.000000000000000000e+00
1.130719341565604719e+00 1.145392226364077004e+00 1.138055783964840861e+00 1.000000000000000000e+01 1.000000000000000000e+00
1.145392226364077004e+00 1.163733332362167694e+00 1.152728668763313369e+00 1.000000000000000000e+01 1.000000000000000000e+00
1.163733332362167694e+00 1.182074438360258384e+00 1.174737995961022019e+00 1.000000000000000000e+01 1.000000000000000000e+00
1.182074438360258384e+00 1.200415544358349074e+00 1.189410880759494749e+00 1.000000000000000000e+01 1.000000000000000000e+00
1.200415544358349074e+00 1.218756650356439764e+00 1.211420207957203399e+00 1.000000000000000000e+01 1.000000000000000000e+00
1.218756650356439764e+00 1.237097756354530453e+00 1.226093092755675906e+00 1.000000000000000000e+01 1.000000000000000000e+00
1.237097756354530453e+00 1.255438862352620921e+00 1.248102419953384778e+00 1.000000000000000000e+01 1.000000000000000000e+00
1.255438862352620921e+00 1.273779968350711389e+00 1.262775304751857064e+00 1.000000000000000000e+01 1.000000000000000000e+00
1.273779968350711389e+00 1.292121074348802079e+00 1.284784631949565936e+00 1.000000000000000000e+01 1.000000000000000000e+00
1.292121074348802079e+00 1.310462180346892769e+00 1.299457516748038444e+00 1.000000000000000000e+01 1.000000000000000000e+00
1.310462180346892769e+00 1.332471507544601419e+00 1.321466843945747094e+00 1.000000000000000000e+01 1.000000000000000000e+00
1.332471507544601419e+00 1.350812613542692109e+00 1.343476171143455966e+00 1.000000000000000000e+01 1.000000000000000000e+00
1.350812613542692109e+00 1.369153719540782799e+00 1.358149055941928474e+00 1.000000000000000000e+01 1.000000000000000000e+00
1.369153719540782799e+00 1.391163046738491449e+00 1.380158383139637124e+00 1.000000000000000000e+01 1.000000000000000000e+00
1.391163046738491449e+00 1.413172373936200543e+00 1.402167710337345996e+00 1.000000000000000000e+01 1.000000000000000000e+00
1.413172373936200543e+00 1.431513479934291011e+00 1.424177037535054868e+00 1.000000000000000000e+01 1.000000000000000000e+00
1.431513479934291011e+00 1.449854585932381479e+00 1.438849922333527154e+00 1.000000000000000000e+01 1.000000000000000000e+00
1.449854585932381479e+00 1.471863913130090573e+00 1.460859249531236026e+00 1.000000000000000000e+01 1.000000000000000000e+00
1.471863913130090573e+00 1.493873240327799223e+00 1.482868576728944898e+00 1.000000000000000000e+01 1.000000000000000000e+00
1.493873240327799223e+00 1.512214346325889913e+00 1.504877903926653548e+00 1.000000000000000000e+01 1.000000000000000000e+00
1.512214346325889913e+00 1.530555452323980603e+00 1.519550788725126056e+00 1.000000000000000000e+01 1.000000000000000000e+00
1.530555452323980603e+00 1.552564779521689253e+00 1.541560115922834928e+00 1.000000000000000000e+01 1.000000000000000000e+00
1.552564779521689253e+00 1.574574106719397903e+00 1.563569443120543578e+00 1.000000000000000000e+01 1.000000000000000000e+00
1.574574106719397903e+00 1.592915212717488593e+00 1.585578770318252229e+00 1.000000000000000000e+01 1.000000000000000000e+00
1.592915212717488593e+00 1.611256318715579283e+00 1.600251655116724958e+00 1.000000000000000000e+01 1.000000000000000000e+00
1.611256318715579283e+00 1.633265645913287933e+00 1.622260982314433608e+00 1.000000000000000000e+01 1.000000000000000000e+00
1.633265645913287933e+00 1.655274973110996806e+00 1.644270309512142259e+00 1.000000000000000000e+01 1.000000000000000000e+00
1.655274973110996806e+00 1.677284300308705678e+00 1.666279636709851353e+00 1.000000000000000000e+01 1.000000000000000000e+00
1.677284300308705678e+00 1.695625406306796146e+00 1.688288963907560003e+00 1.000000000000000000e+01 1.000000000000000000e+00
1.695625406306796146e+00 1.713966512304886836e+00 1.702961848706032288e+00 1.000000000000000000e+01 1.000000000000000000e+00
1.713966512304886836e+00 1.735975839502595708e+00 1.724971175903741383e+00 1.000000000000000000e+01 1.000000000000000000e+00
1.735975839502595708e+00 1.754316945500686176e+00 1.746980503101450033e+00 1.000000000000000000e+01 1.000000000000000000e+00
1.754316945500686176e+00 1.772658051498776866e+00 1.761653387899922318e+00 1.000000000000000000e+01 1.000000000000000000e+00
1.772658051498776866e+00 1.794667378696485738e+00 1.783662715097631413e+00 1.000000000000000000e+01 1.000000000000000000e+00
1.794667378696485738e+00 1.813008484694576206e+00 1.805672042295340063e+00 1.000000000000000000e+01 1.000000000000000000e+00
1.813008484694576206e+00 1.831349590692666895e+00 1.820344927093812348e+00 1.000000000000000000e+01 1.000000000000000000e+00
1.831349590692666895e+00 1.853358917890375768e+00 1.842354254291521443e+00 1.000000000000000000e+01 1.000000000000000000e+00
1.853358917890375768e+00 1.871700023888466236e+00 1.864363581489230093e+00 1.000000000000000000e+01 1.000000000000000000e+00
1.871700023888466236e+00 1.890041129886556925e+00 1.879036466287702378e+00 1.000000000000000000e+01 1.000000000000000000e+00
1.890041129886556925e+00 1.912050457084265798e+00 1.901045793485411473e+00 1.000000000000000000e+01 1.000000000000000000e+00
1.912050457084265798e+00 1.930391563082356265e+00 1.923055120683120123e+00 1.000000000000000000e+01 1.000000000000000000e+00
1.930391563082356265e+00 1.948732669080446955e+00 1.937728005481592408e+00 1.000000000000000000e+01 1.000000000000000000e+00
1.948732669080446955e+00 1.967073775078537645e+00 1.959737332679301502e+00 1.000000000000000000e+01 1.000000000000000000e+00
1.967073775078537645e+00 1.985414881076628113e+00 1.974410217477773788e+00 1.000000000000000000e+01 1.000000000000000000e+00
1.985414881076628113e+00 2.003755987074718803e+00 1.996419544675482438e+00 1.000000000000000000e+01 1.000000000000000000e+00
2.003755987074718803e+00 2.022097093072809493e+00 2.011092429473955168e+00 1.000000000000000000e+01 1.000000000000000000e+00
2.022097093072809493e+00 2.040438199070900183e+00 2.033101756671663818e+00 1.000000000000000000e+01 1.000000000000000000e+00
2.040438199070900183e+00 2.058779305068990872e+00 2.047774641470136547e+00 1.000000000000000000e+01 1.000000000000000000e+00
2.058779305068990872e+00 2.077120411067081562e+00 2.069783968667845198e+00 1.000000000000000000e+01 1.000000000000000000e+00
2.077120411067081562e+00 2.095461517065172252e+00 2.084456853466317483e+00 1.000000000000000000e+01 1.000000000000000000e+00
2.095461517065172252e+00 2.113802623063262942e+00 2.106466180664026577e+00 1.000000000000000000e+01 1.000000000000000000e+00
2.113802623063262942e+00 2.132143729061353188e+00 2.121139065462498863e+00 1.000000000000000000e+01 1.000000000000000000e+00
2.132143729061353188e+00 2.150484835059443878e+00 2.143148392660207513e+00 1.000000000000000000e+01 1.000000000000000000e+00
2.150484835059443878e+00 2.168825941057534568e+00 2.157821277458680242e+00 1.000000000000000000e+01 1.000000000000000000e+00
2.168825941057534568e+00 2.187167047055625257e+00 2.179830604656388893e+00 1.000000000000000000e+01 1.000000000000000000e+00
2.187167047055625257e+00 2.201839931854097543e+00 2.194503489454861622e+00 1.000000000000000000e+01 1.000000000000000000e+00
2.201839931854097543e+00 2.220181037852188233e+00 2.209176374253333908e+00 1.000000000000000000e+01 1.000000000000000000e+00
2.220181037852188233e+00 2.238522143850278923e+00 2.231185701451042558e+00 1.000000000000000000e+01 1.000000000000000000e+00
2.238522143850278923e+00 2.256863249848369612e+00 2.245858586249515287e+00 1.000000000000000000e+01 1.000000000000000000e+00
2.256863249848369612e+00 2.275204355846460302e+00 2.267867913447223938e+00 1.000000000000000000e+01 1.000000000000000000e+00
2.275204355846460302e+00 2.289877240644933032e+00 2.282540798245696667e+00 1.000000000000000000e+01 1.000000000000000000e+00
2.289877240644933032e+00 2.308218346643023278e+00 2.297213683044168953e+00 1.000000000000000000e+01 1.000000000000000000e+00
2.308218346643023278e+00 2.326559452641113968e+00 2.319223010241877603e+00 1.000000000000000000e+01 1.000000000000000000e+00
2.326559452641113968e+00 2.341232337439586253e+00 2.333895895040350332e+00 1.000000000000000000e+01 1.000000000000000000e+00
2.341232337439586253e+00 2.355905222238058982e+00 2.348568779838822618e+00 1.000000000000000000e+01 1.000000000000000000e+00
2.355905222238058982e+00 2.374246328236149672e+00 2.363241664637295347e+00 1.025976084230172702e+01 1.000000000000000000e+00
2.374246328236149672e+00 2.392587434234240362e+00 2.385250991835003997e+00 1.024212348592425847e+01 1.000000000000000000e+00
2.392587434234240362e+00 2.407260319032713092e+00 2.399923876633476727e+00 1.000000000000000000e+01 1.000000000000000000e+00
2.407260319032713092e+00 2.421933203831185377e+00 2.414596761431949012e+00 1.000000000000000000e+01 1.000000000000000000e+00
2.421933203831185377e+00 2.436606088629657663e+00 2.429269646230421742e+00 1.000000000000000000e+01 1.000000000000000000e+00
2.436606088629657663e+00 2.454947194627748353e+00 2.443942531028894027e+00 1.000000000000000000e+01 1.000000000000000000e+00
2.454947194627748353e+00 2.473288300625839042e+00 2.465951858226602678e+00 1.000000000000000000e+01 1.000000000000000000e+00
2.473288300625839042e+00 2.487961185424311772e+00 2.480624743025075407e+00 1.000000000000000000e+01 1.000000000000000000e+00
2.487961185424311772e+00 2.502634070222784057e+00 2.495297627823547693e+00 1.021886392156372381e+01 1.000000000000000000e+00
2.502634070222784057e+00 2.517306955021256343e+00 2.509970512622020422e+00 1.062096300243631219e+01 1.000000000000000000e+00
2.517306955021256343e+00 2.531979839819729072e+00 2.524643397420492708e+00 1.086791899296514430e+01 1.000000000000000000e+00
2.531979839819729072e+00 2.550320945817819762e+00 2.539316282218965437e+00 1.094714383009909753e+01 1.000000000000000000e+00
2.550320945817819762e+00 2.568662051815910452e+00 2.561325609416674087e+00 1.097550822322989994e+01 1.000000000000000000e+00
2.568662051815910452e+00 2.583334936614383182e+00 2.575998494215146817e+00 1.089480657150708431e+01 1.000000000000000000e+00
2.583334936614383182e+00 2.598007821412855467e+00 2.590671379013619102e+00 1.076486538042558294e+01 1.000000000000000000e+00
2.598007821412855467e+00 2.612680706211327752e+00 2.605344263812091832e+00 1.067320718457320083e+01 1.000000000000000000e+00
2.612680706211327752e+00 2.627353591009800482e+00 2.620017148610564117e+00 1.060184027864302081e+01 1.000000000000000000e+00
2.627353591009800482e+00 2.642026475808273211e+00 2.634690033409036847e+00 1.059851665545476607e+01 1.000000000000000000e+00
2.642026475808273211e+00 2.656699360606745497e+00 2.649362918207509132e+00 1.075121824617385435e+01 1.000000000000000000e+00
2.656699360606745497e+00 2.671372245405217782e+00 2.664035803005981862e+00 1.100350394605520066e+01 1.000000000000000000e+00
2.671372245405217782e+00 2.686045130203690512e+00 2.678708687804454147e+00 1.115308238714415801e+01 1.000000000000000000e+00
2.686045130203690512e+00 2.700718015002163241e+00 2.693381572602926877e+00 1.116315587961577371e+01 1.000000000000000000e+00
2.700718015002163241e+00 2.715390899800635527e+00 2.708054457401399162e+00 1.119315705143119999e+01 1.000000000000000000e+00
2.715390899800635527e+00 2.730063784599107812e+00 2.722727342199871892e+00 1.125813299323058381e+01 1.000000000000000000e+00
2.730063784599107812e+00 2.744736669397580542e+00 2.737400226998344177e+00 1.130298976406734468e+01 1.000000000000000000e+00
2.744736669397580542e+00 2.759409554196053271e+00 2.752073111796816907e+00 1.135383657148740610e+01 1.000000000000000000e+00
2.759409554196053271e+00 2.774082438994525557e+00 2.766745996595289192e+00 1.143559618102482922e+01 1.000000000000000000e+00
2.774082438994525557e+00 2.788755323792997842e+00 2.781418881393761922e+00 1.153991983804792554e+01 1.000000000000000000e+00
2.788755323792997842e+00 2.803428208591470572e+00 2.796091766192234207e+00 1.166781782749709251e+01 1.000000000000000000e+00
2.803428208591470572e+00 2.818101093389943301e+00 2.810764650990706937e+00 1.181710091916693273e+01 1.000000000000000000e+00
2.818101093389943301e+00 2.832773978188415587e+00 2.825437535789179222e+00 1.196109290537514092e+01 1.000000000000000000e+00
2.832773978188415587e+00 2.847446862986887872e+00 2.840110420587651952e+00 1.209147587368991417e+01 1.000000000000000000e+00
2.847446862986887872e+00 2.862119747785360602e+00 2.854783305386124237e+00 1.220829682049540921e+01 1.000000000000000000e+00
2.862119747785360602e+00 2.876792632583833331e+00 2.869456190184596966e+00 1.230822752088811178e+01 1.000000000000000000e+00
2.876792632583833331e+00 2.891465517382305617e+00 2.884129074983069252e+00 1.241131790766182164e+01 1.000000000000000000e+00
2.891465517382305617e+00 2.906138402180777902e+00 2.898801959781541981e+00 1.251660828571229622e+01 1.000000000000000000e+00
2.906138402180777902e+00 2.917143065779632671e+00 2.913474844580014267e+00 1.261894663775230008e+01 1.000000000000000000e+00
2.917143065779632671e+00 2.928147729378486552e+00 2.920811286979250632e+00 1.273574733619233612e+01 1.000000000000000000e+00
2.928147729378486552e+00 2.942820614176959282e+00 2.935484171777722917e+00 1.284533290681192064e+01 1.000000000000000000e+00
2.942820614176959282e+00 2.957493498975432011e+00 2.950157056576195647e+00 1.293523148322714533e+01 1.000000000000000000e+00
2.957493498975432011e+00 2.972166383773904741e+00 2.964829941374668376e+00 1.302787040534133034e+01 1.000000000000000000e+00
2.972166383773904741e+00 2.986839268572376582e+00 2.979502826173140662e+00 1.313728509731046046e+01 1.000000000000000000e+00
2.986839268572376582e+00 3.001512153370849312e+00 2.994175710971612947e+00 1.325406883835954908e+01 1.000000000000000000e+00
3.001512153370849312e+00 3.012516816969704081e+00 3.008848595770085677e+00 1.335648774619670931e+01 1.000000000000000000e+00
3.012516816969704081e+00 3.023521480568557962e+00 3.016185038169322041e+00 1.345457788219442818e+01 1.000000000000000000e+00
3.023521480568557962e+00 3.038194365367030692e+00 3.030857922967794327e+00 1.356067808299032684e+01 1.000000000000000000e+00
3.038194365367030692e+00 3.052867250165503421e+00 3.045530807766267056e+00 1.366330684139170870e+01 1.000000000000000000e+00
3.052867250165503421e+00 3.067540134963975706e+00 3.060203692564739342e+00 1.375382542148546605e+01 1.000000000000000000e+00
3.067540134963975706e+00 3.078544798562830032e+00 3.074876577363212071e+00 1.384971896890634824e+01 1.000000000000000000e+00
3.078544798562830032e+00 3.089549462161684801e+00 3.082213019762448436e+00 1.396400356892668526e+01 1.000000000000000000e+00
3.089549462161684801e+00 3.104222346960156642e+00 3.096885904560920721e+00 1.408435271232294994e+01 1.000000000000000000e+00
3.104222346960156642e+00 3.118895231758629372e+00 3.111558789359393007e+00 1.419997271774013470e+01 1.000000000000000000e+00
3.118895231758629372e+00 3.133568116557102101e+00 3.126231674157865736e+00 1.429981441657642982e+01 1.000000000000000000e+00
3.133568116557102101e+00 3.144572780155956426e+00 3.140904558956338466e+00 1.439233099728960497e+01 1.000000000000000000e+00
3.144572780155956426e+00 3.155577443754810751e+00 3.148241001355574387e+00 1.449022423566835904e+01 1.000000000000000000e+00
3.155577443754810751e+00 3.170250328553283481e+00 3.162913886154047116e+00 1.459747776552056386e+01 1.000000000000000000e+00
3.170250328553283481e+00 3.181254992152137362e+00 3.177586770952519402e+00 1.471609220839951426e+01 1.000000000000000000e+00
3.181254992152137362e+00 3.192259655750992131e+00 3.184923213351755766e+00 1.485744887718783858e+01 1.000000000000000000e+00
3.192259655750992131e+00 3.206932540549464861e+00 3.199596098150228496e+00 1.503612952186234786e+01 1.000000000000000000e+00
3.206932540549464861e+00 3.221605425347936702e+00 3.214268982948700781e+00 1.521092384836879496e+01 1.000000000000000000e+00
3.221605425347936702e+00 3.232610088946791471e+00 3.228941867747173067e+00 1.527637179133278877e+01 1.000000000000000000e+00
3.232610088946791471e+00 3.243614752545645796e+00 3.236278310146409432e+00 1.532041488385355166e+01 1.000000000000000000e+00
3.243614752545645796e+00 3.258287637344118082e+00 3.250951194944882161e+00 1.538932858504350953e+01 1.000000000000000000e+00
3.258287637344118082e+00 3.269292300942972851e+00 3.265624079743354446e+00 1.548465741061852619e+01 1.000000000000000000e+00
3.269292300942972851e+00 3.280296964541826732e+00 3.272960522142590811e+00 1.559707229360218861e+01 1.000000000000000000e+00
3.280296964541826732e+00 3.294969849340299461e+00 3.287633406941063097e+00 1.572636683610108577e+01 1.000000000000000000e+00
3.294969849340299461e+00 3.305974512939154231e+00 3.302306291739535826e+00 1.588669495074616300e+01 1.000000000000000000e+00
3.305974512939154231e+00 3.316979176538008112e+00 3.309642734138772191e+00 1.604552134165742672e+01 1.000000000000000000e+00
3.316979176538008112e+00 3.331652061336480841e+00 3.324315618937244476e+00 1.614903539935207277e+01 1.000000000000000000e+00
3.331652061336480841e+00 3.342656724935335166e+00 3.338988503735717206e+00 1.623797485588072931e+01 1.000000000000000000e+00
3.342656724935335166e+00 3.353661388534189491e+00 3.346324946134953127e+00 1.634299582934544048e+01 1.000000000000000000e+00
3.353661388534189491e+00 3.368334273332662221e+00 3.360997830933425856e+00 1.647409418819490412e+01 1.000000000000000000e+00
3.368334273332662221e+00 3.379338936931516546e+00 3.375670715731898586e+00 1.661643557083323586e+01 1.000000000000000000e+00
3.379338936931516546e+00 3.390343600530370871e+00 3.383007158131134506e+00 1.679752239317111417e+01 1.000000000000000000e+00
3.390343600530370871e+00 3.405016485328843601e+00 3.397680042929607236e+00 1.703634765476985891e+01 1.000000000000000000e+00
3.405016485328843601e+00 3.416021148927697482e+00 3.412352927728079521e+00 1.727195099084761765e+01 1.000000000000000000e+00
3.416021148927697482e+00 3.427025812526552251e+00 3.419689370127315886e+00 1.740324102105025972e+01 1.000000000000000000e+00
3.427025812526552251e+00 3.438030476125406576e+00 3.434362254925788616e+00 1.736344228669083023e+01 1.000000000000000000e+00
3.438030476125406576e+00 3.449035139724260901e+00 3.441698697325024536e+00 1.732868124837144919e+01 1.000000000000000000e+00
3.449035139724260901e+00 3.463708024522733631e+00 3.456371582123497266e+00 1.741072969479900223e+01 1.000000000000000000e+00
3.463708024522733631e+00 3.474712688121587512e+00 3.471044466921969551e+00 1.752640314101964591e+01 1.000000000000000000e+00
3.474712688121587512e+00 3.485717351720442281e+00 3.478380909321205916e+00 1.764371579246468258e+01 1.000000000000000000e+00
3.485717351720442281e+00 3.496722015319296606e+00 3.493053794119678646e+00 1.775130003141557467e+01 1.000000000000000000e+00
3.496722015319296606e+00 3.507726678918150931e+00 3.500390236518914566e+00 1.787361933001443504e+01 1.000000000000000000e+00
3.507726678918150931e+00 3.522399563716623661e+00 3.515063121317387296e+00 1.801202613855575407e+01 1.000000000000000000e+00
3.522399563716623661e+00 3.533404227315477542e+00 3.529736006115859581e+00 1.813123472626667620e+01 1.000000000000000000e+00
3.533404227315477542e+00 3.544408890914332311e+00 3.537072448515095946e+00 1.824131372268761808e+01 1.000000000000000000e+00
3.544408890914332311e+00 3.555413554513186636e+00 3.551745333313568675e+00 1.836295795957139276e+01 1.000000000000000000e+00
3.555413554513186636e+00 3.566418218112040961e+00 3.559081775712804596e+00 1.853460348476724917e+01 1.000000000000000000e+00
3.566418218112040961e+00 3.577422881710895286e+00 3.573754660511277326e+00 1.870386302961593117e+01 1.000000000000000000e+00
3.577422881710895286e+00 3.588427545309749611e+00 3.581091102910513246e+00 1.882489618029407552e+01 1.000000000000000000e+00
3.588427545309749611e+00 3.599432208908604380e+00 3.595763987708985976e+00 1.890782949953571190e+01 1.000000000000000000e+00
3.599432208908604380e+00 3.610436872507458261e+00 3.603100430108222341e+00 1.899366100060911933e+01 1.000000000000000000e+00
3.610436872507458261e+00 3.621441536106313031e+00 3.617773314906694626e+00 1.911874314080307968e+01 1.000000000000000000e+00
3.621441536106313031e+00 3.632446199705166912e+00 3.625109757305930991e+00 1.924708878557046887e+01 1.000000000000000000e+00
3.632446199705166912e+00 3.643450863304021681e+00 3.639782642104403276e+00 1.937099838354966863e+01 1.000000000000000000e+00
3.643450863304021681e+00 3.654455526902876006e+00 3.647119084503639641e+00 1.948629568647644916e+01 1.000000000000000000e+00
3.654455526902876006e+00 3.665460190501730331e+00 3.661791969302112371e+00 1.960407990876481676e+01 1.000000000000000000e+00
3.665460190501730331e+00 3.676464854100585100e+00 3.669128411701348735e+00 1.973058663282008851e+01 1.000000000000000000e+00
3.676464854100585100e+00 3.687469517699438981e+00 3.683801296499821021e+00 1.986234859309815448e+01 1.000000000000000000e+00
3.687469517699438981e+00 3.698474181298293750e+00 3.691137738899057386e+00 1.999766112986950262e+01 1.000000000000000000e+00
3.698474181298293750e+00 3.709478844897147631e+00 3.705810623697529671e+00 2.013532594851364266e+01 1.000000000000000000e+00
3.709478844897147631e+00 3.720483508496002401e+00 3.713147066096766036e+00 2.028236924876601677e+01 1.000000000000000000e+00
3.720483508496002401e+00 3.731488172094856726e+00 3.727819950895238765e+00 2.042884486250828147e+01 1.000000000000000000e+00
3.731488172094856726e+00 3.742492835693711051e+00 3.735156393294474686e+00 2.056904187869391976e+01 1.000000000000000000e+00
3.742492835693711051e+00 3.753497499292565376e+00 3.749829278092947416e+00 2.069138621855015359e+01 1.000000000000000000e+00
3.753497499292565376e+00 3.764502162891419701e+00 3.757165720492183336e+00 2.081558121526205696e+01 1.000000000000000000e+00
3.764502162891419701e+00 3.775506826490274470e+00 3.771838605290656066e+00 2.094602887796078505e+01 1.000000000000000000e+00
3.775506826490274470e+00 3.786511490089128351e+00 3.779175047689892430e+00 2.108332126304622633e+01 1.000000000000000000e+00
3.786511490089128351e+00 3.797516153687983120e+00 3.793847932488364716e+00 2.121762126563381656e+01 1.000000000000000000e+00
3.797516153687983120e+00 3.808520817286837001e+00 3.801184374887601081e+00 2.135603794773292563e+01 1.000000000000000000e+00
3.808520817286837001e+00 3.819525480885691771e+00 3.815857259686073366e+00 2.149576349874183023e+01 1.000000000000000000e+00
3.819525480885691771e+00 3.830530144484546096e+00 3.823193702085309731e+00 2.163481488410719678e+01 1.000000000000000000e+00
3.830530144484546096e+00 3.841534808083400421e+00 3.837866586883782460e+00 2.176887272831460862e+01 1.000000000000000000e+00
3.841534808083400421e+00 3.848871250482636786e+00 3.845203029283018825e+00 2.192037901511171327e+01 1.000000000000000000e+00
3.848871250482636786e+00 3.859875914081491111e+00 3.852539471682254746e+00 2.208460925861273694e+01 1.000000000000000000e+00
3.859875914081491111e+00 3.870880577680345436e+00 3.867212356480727475e+00 2.225409329285138682e+01 1.000000000000000000e+00
3.870880577680345436e+00 3.881885241279199761e+00 3.874548798879963396e+00 2.239882112405463133e+01 1.000000000000000000e+00
3.881885241279199761e+00 3.892889904878054530e+00 3.889221683678436126e+00 2.253699726241629619e+01 1.000000000000000000e+00
3.892889904878054530e+00 3.903894568476908411e+00 3.896558126077672490e+00 2.267089908728214098e+01 1.000000000000000000e+00
3.903894568476908411e+00 3.914899232075763180e+00 3.911231010876144776e+00 2.278937869528152760e+01 1.000000000000000000e+00
3.914899232075763180e+00 3.922235674474999101e+00 3.918567453275381141e+00 2.291659384891814000e+01 1.000000000000000000e+00
3.922235674474999101e+00 3.933240338073853870e+00 3.925903895674617505e+00 2.305661949872764893e+01 1.000000000000000000e+00
3.933240338073853870e+00 3.944245001672707751e+00 3.940576780473089791e+00 2.321903194294661787e+01 1.000000000000000000e+00
3.944245001672707751e+00 3.955249665271562520e+00 3.947913222872326156e+00 2.338395316174021943e+01 1.000000000000000000e+00
3.955249665271562520e+00 3.966254328870416845e+00 3.962586107670798885e+00 2.353276062583289274e+01 1.000000000000000000e+00
3.966254328870416845e+00 3.973590771269653210e+00 3.969922550070034806e+00 2.365995143048018079e+01 1.000000000000000000e+00
3.973590771269653210e+00 3.984595434868507091e+00 3.977258992469271170e+00 2.380984584725107212e+01 1.000000000000000000e+00
3.984595434868507091e+00 3.995600098467361860e+00 3.991931877267743456e+00 2.396731777145642184e+01 1.000000000000000000e+00
3.995600098467361860e+00 4.002936540866597781e+00 3.999268319666979821e+00 2.412379116706213722e+01 1.000000000000000000e+00
4.002936540866597781e+00 4.013941204465451662e+00 4.006604762066215741e+00 2.424377384004688096e+01 1.000000000000000000e+00
4.013941204465451662e+00 4.024945868064306431e+00 4.021277646864688471e+00 2.436356678374664142e+01 1.000000000000000000e+00
4.024945868064306431e+00 4.035950531663161200e+00 4.028614089263924392e+00 2.449212963388768216e+01 1.000000000000000000e+00
4.035950531663161200e+00 4.046955195262015081e+00 4.043286974062397121e+00 2.464438105912366339e+01 1.000000000000000000e+00
4.046955195262015081e+00 4.054291637661251002e+00 4.050623416461633042e+00 2.487412468555369571e+01 1.000000000000000000e+00
4.054291637661251002e+00 4.065296301260106659e+00 4.057959858860869851e+00 2.515493386737144377e+01 1.000000000000000000e+00
4.065296301260106659e+00 4.076300964858960540e+00 4.072632743659342580e+00 2.549324123695670963e+01 1.000000000000000000e+00
4.076300964858960540e+00 4.083637407258196461e+00 4.079969186058578501e+00 2.567340722496928862e+01 1.000000000000000000e+00
4.083637407258196461e+00 4.094642070857050342e+00 4.087305628457814421e+00 2.577524556759765062e+01 1.000000000000000000e+00
4.094642070857050342e+00 4.105646734455905111e+00 4.101978513256287151e+00 2.579844256775616884e+01 1.000000000000000000e+00
4.105646734455905111e+00 4.112983176855141920e+00 4.109314955655523072e+00 2.587225856740654706e+01 1.000000000000000000e+00
4.112983176855141920e+00 4.123987840453995801e+00 4.116651398054759881e+00 2.596281911217308291e+01 1.000000000000000000e+00
4.123987840453995801e+00 4.134992504052850570e+00 4.131324282853232610e+00 2.606897634206107384e+01 1.000000000000000000e+00
4.134992504052850570e+00 4.142328946452086491e+00 4.138660725252468531e+00 2.617444534411780666e+01 1.000000000000000000e+00
4.142328946452086491e+00 4.153333610050941260e+00 4.145997167651704451e+00 2.630816219592104588e+01 1.000000000000000000e+00
4.153333610050941260e+00 4.164338273649795141e+00 4.160670052450177181e+00 2.647068394779529399e+01 1.000000000000000000e+00
4.164338273649795141e+00 4.171674716049031062e+00 4.168006494849413102e+00 2.666523846842605749e+01 1.000000000000000000e+00
4.171674716049031062e+00 4.182679379647886719e+00 4.175342937248649910e+00 2.683720755170109484e+01 1.000000000000000000e+00
4.182679379647886719e+00 4.193684043246740600e+00 4.190015822047122640e+00 2.698699505262065301e+01 1.000000000000000000e+00
4.193684043246740600e+00 4.201020485645976521e+00 4.197352264446358561e+00 2.713815323141204416e+01 1.000000000000000000e+00
4.201020485645976521e+00 4.208356928045212442e+00 4.204688706845594481e+00 2.728280748128425159e+01 1.000000000000000000e+00
4.208356928045212442e+00 4.219361591644067211e+00 4.212025149244831290e+00 2.742062319045872698e+01 1.000000000000000000e+00
4.219361591644067211e+00 4.230366255242921980e+00 4.226698034043303132e+00 2.754304284872506514e+01 1.000000000000000000e+00
4.230366255242921980e+00 4.237702697642157901e+00 4.234034476442539940e+00 2.767476566749191136e+01 1.000000000000000000e+00
4.237702697642157901e+00 4.248707361241011782e+00 4.241370918841775861e+00 2.781787484780781483e+01 1.000000000000000000e+00
4.248707361241011782e+00 4.259712024839866551e+00 4.256043803640248591e+00 2.798092625298117397e+01 1.000000000000000000e+00
4.259712024839866551e+00 4.267048467239103360e+00 4.263380246039484511e+00 2.816188635250406236e+01 1.000000000000000000e+00
4.267048467239103360e+00 4.278053130837957241e+00 4.270716688438721320e+00 2.836819805035914399e+01 1.000000000000000000e+00
4.278053130837957241e+00 4.289057794436811122e+00 4.285389573237193162e+00 2.874591064633016657e+01 1.000000000000000000e+00
4.289057794436811122e+00 4.296394236836047931e+00 4.292726015636429970e+00 2.919192036452880501e+01 1.000000000000000000e+00
4.296394236836047931e+00 4.303730679235284740e+00 4.300062458035665891e+00 2.971125708171986091e+01 1.000000000000000000e+00
4.303730679235284740e+00 4.314735342834138621e+00 4.307398900434902700e+00 2.987776935039114079e+01 1.000000000000000000e+00
4.314735342834138621e+00 4.325740006432992502e+00 4.322071785233374541e+00 3.002094063631193066e+01 1.000000000000000000e+00
4.325740006432992502e+00 4.333076448832229310e+00 4.329408227632611350e+00 3.048635287884250644e+01 1.000000000000000000e+00
4.333076448832229310e+00 4.340412891231465231e+00 4.336744670031847271e+00 3.125569354834541969e+01 1.000000000000000000e+00
4.340412891231465231e+00 4.351417554830320000e+00 4.344081112431083191e+00 3.215456286493041205e+01 1.000000000000000000e+00
4.351417554830320000e+00 4.362422218429173881e+00 4.358753997229555921e+00 3.225729173367150793e+01 1.000000000000000000e+00
4.362422218429173881e+00 4.369758660828410690e+00 4.366090439628792730e+00 3.267784154481037717e+01 1.000000000000000000e+00
4.369758660828410690e+00 4.377095103227646611e+00 4.373426882028028650e+00 3.342804351077725045e+01 1.000000000000000000e+00
4.377095103227646611e+00 4.388099766826501380e+00 4.380763324427264571e+00 3.343796798097306322e+01 1.000000000000000000e+00
4.388099766826501380e+00 4.399104430425355261e+00 4.395436209225737301e+00 3.309041019159419506e+01 1.000000000000000000e+00
4.399104430425355261e+00 4.406440872824591182e+00 4.402772651624973221e+00 3.225135999959501021e+01 1.000000000000000000e+00
4.406440872824591182e+00 4.413777315223827991e+00 4.410109094024210030e+00 3.194808965670598155e+01 1.000000000000000000e+00
4.413777315223827991e+00 4.424781978822682760e+00 4.417445536423445951e+00 3.185298533936121501e+01 1.000000000000000000e+00
4.424781978822682760e+00 4.435786642421536641e+00 4.432118421221918680e+00 3.199901209889911513e+01 1.000000000000000000e+00
4.435786642421536641e+00 4.443123084820772561e+00 4.439454863621154601e+00 3.222833478397259199e+01 1.000000000000000000e+00
4.443123084820772561e+00 4.450459527220009370e+00 4.446791306020391410e+00 3.252565366695297655e+01 1.000000000000000000e+00
4.450459527220009370e+00 4.461464190818864139e+00 4.454127748419627331e+00 3.324864417845611797e+01 1.000000000000000000e+00
4.461464190818864139e+00 4.472468854417718020e+00 4.468800633218100060e+00 3.408956520623527098e+01 1.000000000000000000e+00
4.472468854417718020e+00 4.479805296816953941e+00 4.476137075617335981e+00 3.509143305402191260e+01 1.000000000000000000e+00
4.479805296816953941e+00 4.487141739216190750e+00 4.483473518016572790e+00 3.553918821736771605e+01 1.000000000000000000e+00
4.487141739216190750e+00 4.494478181615426671e+00 4.490809960415808710e+00 3.583577445168126729e+01 1.000000000000000000e+00
4.494478181615426671e+00 4.505482845214281440e+00 4.498146402815044631e+00 3.657370205950498843e+01 1.000000000000000000e+00
4.505482845214281440e+00 4.516487508813135321e+00 4.512819287613517361e+00 3.718662279376222557e+01 1.000000000000000000e+00
4.516487508813135321e+00 4.523823951212371242e+00 4.520155730012753281e+00 3.764084416839302349e+01 1.000000000000000000e+00
4.523823951212371242e+00 4.531160393611608050e+00 4.527492172411990090e+00 3.755366542075668690e+01 1.000000000000000000e+00
4.531160393611608050e+00 4.538496836010844859e+00 4.534828614811226011e+00 3.717101487052413233e+01 1.000000000000000000e+00
4.538496836010844859e+00 4.549501499609698740e+00 4.542165057210462820e+00 3.613784714017943145e+01 1.000000000000000000e+00
4.549501499609698740e+00 4.560506163208552621e+00 4.556837942008934661e+00 3.564370737079866558e+01 1.000000000000000000e+00
4.560506163208552621e+00 4.567842605607789430e+00 4.564174384408171470e+00 3.551899513397910368e+01 1.000000000000000000e+00
4.567842605607789430e+00 4.575179048007025351e+00 4.571510826807407391e+00 3.607508835705795036e+01 1.000000000000000000e+00
4.575179048007025351e+00 4.582515490406262160e+00 4.578847269206643311e+00 3.679604413456515744e+01 1.000000000000000000e+00
4.582515490406262160e+00 4.593520154005116041e+00 4.586183711605880120e+00 3.777436686542808530e+01 1.000000000000000000e+00
4.593520154005116041e+00 4.604524817603970810e+00 4.600856596404352850e+00 3.888545847706613756e+01 1.000000000000000000e+00
4.604524817603970810e+00 4.611861260003206731e+00 4.608193038803588770e+00 4.011961134408306151e+01 1.000000000000000000e+00
4.611861260003206731e+00 4.619197702402443539e+00 4.615529481202824691e+00 4.006171555395625461e+01 1.000000000000000000e+00
4.619197702402443539e+00 4.626534144801679460e+00 4.622865923602061500e+00 3.973380135629369647e+01 1.000000000000000000e+00
4.626534144801679460e+00 4.637538808400533341e+00 4.630202366001297420e+00 3.896888122776199026e+01 1.000000000000000000e+00
4.637538808400533341e+00 4.648543471999388110e+00 4.644875250799770150e+00 3.882085200412812043e+01 1.000000000000000000e+00
4.648543471999388110e+00 4.655879914398624031e+00 4.652211693199006071e+00 3.909483896001969327e+01 1.000000000000000000e+00
4.655879914398624031e+00 4.663216356797860840e+00 4.659548135598241991e+00 3.906715466238245682e+01 1.000000000000000000e+00
4.663216356797860840e+00 4.670552799197096761e+00 4.666884577997478800e+00 3.892127800898094137e+01 1.000000000000000000e+00
4.670552799197096761e+00 4.677889241596332681e+00 4.674221020396714721e+00 3.848673096176629116e+01 1.000000000000000000e+00
4.677889241596332681e+00 4.688893905195186562e+00 4.681557462795950642e+00 3.852320671528229923e+01 1.000000000000000000e+00
4.688893905195186562e+00 4.699898568794042220e+00 4.696230347594423371e+00 3.901113699254269562e+01 1.000000000000000000e+00
4.699898568794042220e+00 4.707235011193278140e+00 4.703566789993660180e+00 3.985363896386299132e+01 1.000000000000000000e+00
4.707235011193278140e+00 4.714571453592514061e+00 4.710903232392896101e+00 4.083620161624143918e+01 1.000000000000000000e+00
4.714571453592514061e+00 4.721907895991749982e+00 4.718239674792132021e+00 4.192041787282148846e+01 1.000000000000000000e+00
4.721907895991749982e+00 4.729244338390986790e+00 4.725576117191368830e+00 4.252028265890798764e+01 1.000000000000000000e+00
4.729244338390986790e+00 4.736580780790223599e+00 4.732912559590604751e+00 4.228048810423142356e+01 1.000000000000000000e+00
4.736580780790223599e+00 4.747585444389077480e+00 4.740249001989841560e+00 4.221219133352317243e+01 1.000000000000000000e+00
4.747585444389077480e+00 4.758590107987931361e+00 4.754921886788313401e+00 4.222939984964678217e+01 1.000000000000000000e+00
4.758590107987931361e+00 4.765926550387168170e+00 4.762258329187550210e+00 4.216373443016587430e+01 1.000000000000000000e+00
4.765926550387168170e+00 4.773262992786404091e+00 4.769594771586786131e+00 4.223743285228600541e+01 1.000000000000000000e+00
4.773262992786404091e+00 4.780599435185640900e+00 4.776931213986022051e+00 4.282712953617819096e+01 1.000000000000000000e+00
4.780599435185640900e+00 4.787935877584876820e+00 4.784267656385258860e+00 4.314444714562964123e+01 1.000000000000000000e+00
4.787935877584876820e+00 4.795272319984112741e+00 4.791604098784494781e+00 4.314924928903497658e+01 1.000000000000000000e+00
4.795272319984112741e+00 4.806276983582966622e+00 4.798940541183730701e+00 4.349208136401152558e+01 1.000000000000000000e+00
4.806276983582966622e+00 4.817281647181822279e+00 4.813613425982203431e+00 4.396672788685807376e+01 1.000000000000000000e+00
4.817281647181822279e+00 4.824618089581058200e+00 4.820949868381440240e+00 4.424213163829458750e+01 1.000000000000000000e+00
4.824618089581058200e+00 4.831954531980294121e+00 4.828286310780676160e+00 4.450186634339776504e+01 1.000000000000000000e+00
4.831954531980294121e+00 4.839290974379530041e+00 4.835622753179912081e+00 4.471769717515366693e+01 1.000000000000000000e+00
4.839290974379530041e+00 4.846627416778766850e+00 4.842959195579148890e+00 4.551761386799478970e+01 1.000000000000000000e+00
4.846627416778766850e+00 4.853963859178003659e+00 4.850295637978384811e+00 4.702364425199206721e+01 1.000000000000000000e+00
4.853963859178003659e+00 4.861300301577239580e+00 4.857632080377621620e+00 4.596449705971527067e+01 1.000000000000000000e+00
4.861300301577239580e+00 4.872304965176093461e+00 4.864968522776857540e+00 4.403951949787661135e+01 1.000000000000000000e+00
4.872304965176093461e+00 4.883309628774948230e+00 4.879641407575330270e+00 4.303649338207986119e+01 1.000000000000000000e+00
4.883309628774948230e+00 4.890646071174184151e+00 4.886977849974566190e+00 4.237580616289573499e+01 1.000000000000000000e+00
4.890646071174184151e+00 4.897982513573420960e+00 4.894314292373802111e+00 4.287380419614677862e+01 1.000000000000000000e+00
4.897982513573420960e+00 4.905318955972656880e+00 4.901650734773038920e+00 4.334110590895674164e+01 1.000000000000000000e+00
4.905318955972656880e+00 4.912655398371892801e+00 4.908987177172274841e+00 4.372749896695397354e+01 1.000000000000000000e+00
4.912655398371892801e+00 4.919991840771128722e+00 4.916323619571510761e+00 4.363498155543390311e+01 1.000000000000000000e+00
4.919991840771128722e+00 4.927328283170365530e+00 4.923660061970747570e+00 4.322398940170889148e+01 1.000000000000000000e+00
4.927328283170365530e+00 4.934664725569602339e+00 4.930996504369983491e+00 4.318568847623572537e+01 1.000000000000000000e+00
4.934664725569602339e+00 4.945669389168456220e+00 4.938332946769220300e+00 4.324353717269585928e+01 1.000000000000000000e+00
4.945669389168456220e+00 4.956674052767310101e+00 4.953005831567692141e+00 4.353985516418048007e+01 1.000000000000000000e+00
4.956674052767310101e+00 4.964010495166546910e+00 4.960342273966928950e+00 4.384890495134938959e+01 1.000000000000000000e+00
4.964010495166546910e+00 4.971346937565783719e+00 4.967678716366164871e+00 4.419048614324725577e+01 1.000000000000000000e+00
4.971346937565783719e+00 4.978683379965019640e+00 4.975015158765401679e+00 4.495792951072610322e+01 1.000000000000000000e+00
4.978683379965019640e+00 4.986019822364255560e+00 4.982351601164637600e+00 4.648127156743395005e+01 1.000000000000000000e+00
4.986019822364255560e+00 4.993356264763491481e+00 4.989688043563873521e+00 4.798571931913589594e+01 1.000000000000000000e+00
4.993356264763491481e+00 5.000692707162728290e+00 4.997024485963110330e+00 4.947320271200810282e+01 1.000000000000000000e+00
5.000692707162728290e+00 5.008029149561964211e+00 5.004360928362346250e+00 4.954380997724759794e+01 1.000000000000000000e+00
5.008029149561964211e+00 5.015365591961201019e+00 5.011697370761582171e+00 4.911185350073964884e+01 1.000000000000000000e+00
5.015365591961201019e+00 5.022702034360436940e+00 5.019033813160818980e+00 5.012666599430585990e+01 1.000000000000000000e+00
5.022702034360436940e+00 5.030038476759672861e+00 5.026370255560054900e+00 5.137129474731951007e+01 1.000000000000000000e+00
5.030038476759672861e+00 5.041043140358526742e+00 5.033706697959290821e+00 5.286080364715250823e+01 1.000000000000000000e+00
5.041043140358526742e+00 5.052047803957382399e+00 5.048379582757763551e+00 5.398539213886876809e+01 1.000000000000000000e+00
5.052047803957382399e+00 5.059384246356618320e+00 5.055716025157000360e+00 5.366151923814364721e+01 1.000000000000000000e+00
5.059384246356618320e+00 5.066720688755854241e+00 5.063052467556236280e+00 5.356846923700246066e+01 1.000000000000000000e+00
5.066720688755854241e+00 5.074057131155090161e+00 5.070388909955472201e+00 5.383806390688447863e+01 1.000000000000000000e+00
5.074057131155090161e+00 5.081393573554326970e+00 5.077725352354709010e+00 5.356184444281016255e+01 1.000000000000000000e+00
5.081393573554326970e+00 5.088730015953563779e+00 5.085061794753944930e+00 5.283850908856239670e+01 1.000000000000000000e+00
5.088730015953563779e+00 5.096066458352799700e+00 5.092398237153181739e+00 5.233280180319760433e+01 1.000000000000000000e+00
5.096066458352799700e+00 5.103402900752035620e+00 5.099734679552417660e+00 5.193079019903168358e+01 1.000000000000000000e+00
5.103402900752035620e+00 5.110739343151271541e+00 5.107071121951653581e+00 5.152083339581750465e+01 1.000000000000000000e+00
5.110739343151271541e+00 5.118075785550508350e+00 5.114407564350890389e+00 5.111979944113369356e+01 1.000000000000000000e+00
5.118075785550508350e+00 5.125412227949744270e+00 5.121744006750126310e+00 5.120096981149086446e+01 1.000000000000000000e+00
5.125412227949744270e+00 5.132748670348981079e+00 5.129080449149362231e+00 5.132580915824790679e+01 1.000000000000000000e+00
5.132748670348981079e+00 5.140085112748217000e+00 5.136416891548599040e+00 5.160786705625919524e+01 1.000000000000000000e+00
5.140085112748217000e+00 5.147421555147452921e+00 5.143753333947834960e+00 5.208480454974074547e+01 1.000000000000000000e+00
5.147421555147452921e+00 5.154757997546688841e+00 5.151089776347070881e+00 5.340458584108650797e+01 1.000000000000000000e+00
5.154757997546688841e+00 5.162094439945925650e+00 5.158426218746307690e+00 5.521703492590100382e+01 1.000000000000000000e+00
5.162094439945925650e+00 5.173099103544780419e+00 5.165762661145543611e+00 5.821455050702262923e+01 1.000000000000000000e+00
5.173099103544780419e+00 5.184103767143634300e+00 5.180435545944016340e+00 6.058861833374455585e+01 1.000000000000000000e+00
5.184103767143634300e+00 5.191440209542870221e+00 5.187771988343252261e+00 6.155989293571984433e+01 1.000000000000000000e+00
5.191440209542870221e+00 5.198776651942107030e+00 5.195108430742489070e+00 6.152741904103363879e+01 1.000000000000000000e+00
5.198776651942107030e+00 5.206113094341343839e+00 5.202444873141724990e+00 6.054411853773471108e+01 1.000000000000000000e+00
5.206113094341343839e+00 5.213449536740579759e+00 5.209781315540961799e+00 6.030951283126668017e+01 1.000000000000000000e+00
5.213449536740579759e+00 5.220785979139815680e+00 5.217117757940197720e+00 6.055989510265771969e+01 1.000000000000000000e+00
5.220785979139815680e+00 5.228122421539051601e+00 5.224454200339433640e+00 6.075924179765522837e+01 1.000000000000000000e+00
5.228122421539051601e+00 5.235458863938288410e+00 5.231790642738670449e+00 6.093095529416106615e+01 1.000000000000000000e+00
5.235458863938288410e+00 5.242795306337524330e+00 5.239127085137906370e+00 6.072918775311743644e+01 1.000000000000000000e+00
5.242795306337524330e+00 5.250131748736761139e+00 5.246463527537142291e+00 6.042407465322331461e+01 1.000000000000000000e+00
5.250131748736761139e+00 5.257468191135997060e+00 5.253799969936379100e+00 6.077618390851922214e+01 1.000000000000000000e+00
5.257468191135997060e+00 5.264804633535232981e+00 5.261136412335615020e+00 6.125431979732429255e+01 1.000000000000000000e+00
5.264804633535232981e+00 5.272141075934468901e+00 5.268472854734850941e+00 6.131162869966091478e+01 1.000000000000000000e+00
5.272141075934468901e+00 5.279477518333705710e+00 5.275809297134087750e+00 6.133223034042669042e+01 1.000000000000000000e+00
5.279477518333705710e+00 5.286813960732942519e+00 5.283145739533323670e+00 6.184057036768820836e+01 1.000000000000000000e+00
5.286813960732942519e+00 5.294150403132178440e+00 5.290482181932560479e+00 6.240274005695045645e+01 1.000000000000000000e+00
5.287347514605730936e+00 5.367160846309309008e+00 5.340556402408116021e+00 1.437844133923717749e+01 1.000000000000000000e+00
5.367160846309309008e+00 5.420369734111693205e+00 5.393765290210501107e+00 1.440399232796684181e+01 1.000000000000000000e+00
5.420369734111693205e+00 5.473578621914079179e+00 5.446974178012886192e+00 1.453312475153478189e+01 1.000000000000000000e+00
5.473578621914079179e+00 5.553391953617656362e+00 5.500183065815271277e+00 1.472352112104792177e+01 1.000000000000000000e+00
5.553391953617656362e+00 5.633205285321233546e+00 5.606600841420041448e+00 1.493233918511961633e+01 1.000000000000000000e+00
5.633205285321233546e+00 5.686414173123619520e+00 5.659809729222426533e+00 1.513845167459304797e+01 1.000000000000000000e+00
5.686414173123619520e+00 5.739623060926003717e+00 5.713018617024811618e+00 1.540794892504885993e+01 1.000000000000000000e+00
5.739623060926003717e+00 5.792831948728389690e+00 5.766227504827196704e+00 1.568467128979473912e+01 1.000000000000000000e+00
5.792831948728389690e+00 5.846040836530773888e+00 5.819436392629581789e+00 1.595278728058527307e+01 1.000000000000000000e+00
5.846040836530773888e+00 5.899249724333159861e+00 5.872645280431966874e+00 1.626823221049505364e+01 1.000000000000000000e+00
5.899249724333159861e+00 5.952458612135544058e+00 5.925854168234351960e+00 1.659466870211693035e+01 1.000000000000000000e+00
5.952458612135544058e+00 6.005667499937930032e+00 5.979063056036737045e+00 1.689347588381307119e+01 1.000000000000000000e+00
6.005667499937930032e+00 6.058876387740314229e+00 6.032271943839122130e+00 1.721719250570627580e+01 1.000000000000000000e+00
6.058876387740314229e+00 6.112085275542700202e+00 6.085480831641507216e+00 1.754164395032840318e+01 1.000000000000000000e+00
6.112085275542700202e+00 6.165294163345084399e+00 6.138689719443892301e+00 1.782234188318324897e+01 1.000000000000000000e+00
6.165294163345084399e+00 6.218503051147470373e+00 6.191898607246277386e+00 1.804752582363928681e+01 1.000000000000000000e+00
6.218503051147470373e+00 6.271711938949854570e+00 6.245107495048662472e+00 1.826278620293562938e+01 1.000000000000000000e+00
6.271711938949854570e+00 6.324920826752240544e+00 6.298316382851047557e+00 1.321761585724355115e+01 2.000000000000000000e+00
6.324920826752240544e+00 6.378129714554624741e+00 6.351525270653432642e+00 1.922641063162287978e+01 1.000000000000000000e+00
6.378129714554624741e+00 6.431338602357010714e+00 6.404734158455817727e+00 1.962068015924026199e+01 1.000000000000000000e+00
6.431338602357010714e+00 6.484547490159394911e+00 6.457943046258202813e+00 1.995699399386210970e+01 1.000000000000000000e+00
6.484547490159394911e+00 6.537756377961780885e+00 6.511151934060587898e+00 2.023641940491935998e+01 1.000000000000000000e+00
6.537756377961780885e+00 6.590965265764165082e+00 6.564360821862972983e+00 1.464590406245907417e+01 2.000000000000000000e+00
6.590965265764165082e+00 6.644174153566551055e+00 6.617569709665358069e+00 2.125764057812308039e+01 1.000000000000000000e+00
6.644174153566551055e+00 6.697383041368935253e+00 6.670778597467743154e+00 2.166676835885421326e+01 1.000000000000000000e+00
6.697383041368935253e+00 6.750591929171321226e+00 6.723987485270128239e+00 2.209000455576060062e+01 1.000000000000000000e+00
6.750591929171321226e+00 6.803800816973705423e+00 6.777196373072513325e+00 1.606988781528007948e+01 2.000000000000000000e+00
6.803800816973705423e+00 6.857009704776091397e+00 6.830405260874898410e+00 2.334365545985024681e+01 1.000000000000000000e+00
6.857009704776091397e+00 6.910218592578475594e+00 6.883614148677283495e+00 2.375595083814980413e+01 1.000000000000000000e+00
6.910218592578475594e+00 6.963427480380861567e+00 6.936823036479668581e+00 1.721865897735577988e+01 2.000000000000000000e+00
6.963427480380861567e+00 7.016636368183245764e+00 6.990031924282053666e+00 2.494480097520508721e+01 1.000000000000000000e+00
7.016636368183245764e+00 7.069845255985631738e+00 7.043240812084438751e+00 2.534154439061418884e+01 1.000000000000000000e+00
7.069845255985631738e+00 7.123054143788015935e+00 7.096449699886823836e+00 1.833802175908963505e+01 2.000000000000000000e+00
7.123054143788015935e+00 7.176263031590401908e+00 7.149658587689208922e+00 2.653130374965604688e+01 1.000000000000000000e+00
7.176263031590401908e+00 7.229471919392786106e+00 7.202867475491594007e+00 1.918881021006199816e+01 2.000000000000000000e+00
7.229471919392786106e+00 7.282680807195172079e+00 7.256076363293979092e+00 2.775403823062606179e+01 1.000000000000000000e+00
7.282680807195172079e+00 7.335889694997556276e+00 7.309285251096364178e+00 2.005704995103073784e+01 2.000000000000000000e+00
7.335889694997556276e+00 7.389098582799942250e+00 7.362494138898749263e+00 2.896541690214950648e+01 1.000000000000000000e+00
7.389098582799942250e+00 7.442307470602326447e+00 7.415703026701134348e+00 2.090987055921836557e+01 2.000000000000000000e+00
7.442307470602326447e+00 7.495516358404712420e+00 7.468911914503519434e+00 3.016851783335319581e+01 1.000000000000000000e+00
7.495516358404712420e+00 7.548725246207096617e+00 7.522120802305904519e+00 2.172197353661917063e+01 2.000000000000000000e+00
7.548725246207096617e+00 7.601934134009482591e+00 7.575329690108289604e+00 3.120587359723744569e+01 1.000000000000000000e+00
7.601934134009482591e+00 7.655143021811866788e+00 7.628538577910674690e+00 2.240188332782084046e+01 2.000000000000000000e+00
7.655143021811866788e+00 7.708351909614252762e+00 7.681747465713059775e+00 3.215243045499246932e+01 1.000000000000000000e+00
7.708351909614252762e+00 7.761560797416636959e+00 7.734956353515444860e+00 2.306347118359936843e+01 2.000000000000000000e+00
7.761560797416636959e+00 7.814769685219022932e+00 7.788165241317829945e+00 2.352166913247418023e+01 2.000000000000000000e+00
7.814769685219022932e+00 7.867978573021407129e+00 7.841374129120215031e+00 3.375893505908255321e+01 1.000000000000000000e+00
7.867978573021407129e+00 7.921187460823793103e+00 7.894583016922600116e+00 2.421882333077652660e+01 2.000000000000000000e+00
7.921187460823793103e+00 7.974396348626178188e+00 7.947791904724985201e+00 3.476139428843993784e+01 1.000000000000000000e+00
7.974396348626178188e+00 8.027605236428563273e+00 8.001000792527371175e+00 2.497850239687180363e+01 2.000000000000000000e+00
8.027605236428563273e+00 8.080814124230947471e+00 8.054209680329755372e+00 2.558366213183770199e+01 2.000000000000000000e+00
8.080814124230947471e+00 8.134023012033331668e+00 8.107418568132139569e+00 2.617396960537951500e+01 2.000000000000000000e+00
8.134023012033331668e+00 8.187231899835719418e+00 8.160627455934525543e+00 3.762501939109680649e+01 1.000000000000000000e+00
8.187231899835719418e+00 8.240440787638103615e+00 8.213836343736911516e+00 2.705211302786957006e+01 2.000000000000000000e+00
8.240440787638103615e+00 8.293649675440487812e+00 8.267045231539295713e+00 2.765937212610150553e+01 2.000000000000000000e+00
8.293649675440487812e+00 8.346858563242872009e+00 8.320254119341679910e+00 3.977273313688938572e+01 1.000000000000000000e+00
8.346858563242872009e+00 8.400067451045259759e+00 8.373463007144065884e+00 2.859343640574043022e+01 2.000000000000000000e+00
8.400067451045259759e+00 8.453276338847643956e+00 8.426671894946451857e+00 2.923420419975242623e+01 2.000000000000000000e+00
8.453276338847643956e+00 8.506485226650028153e+00 8.479880782748836054e+00 2.989802672470030487e+01 2.000000000000000000e+00
8.506485226650028153e+00 8.559694114452412350e+00 8.533089670551220252e+00 3.060618220968789416e+01 2.000000000000000000e+00
8.559694114452412350e+00 8.612903002254800100e+00 8.586298558353606225e+00 3.132326885389627691e+01 2.000000000000000000e+00
8.612903002254800100e+00 8.666111890057184297e+00 8.639507446155992199e+00 4.502795781537603403e+01 1.000000000000000000e+00
8.666111890057184297e+00 8.719320777859568494e+00 8.692716333958376396e+00 3.237443244517830720e+01 2.000000000000000000e+00
8.719320777859568494e+00 8.772529665661952691e+00 8.745925221760760593e+00 3.312815292886894269e+01 2.000000000000000000e+00
8.772529665661952691e+00 8.825738553464340441e+00 8.799134109563146566e+00 3.390698223621038210e+01 2.000000000000000000e+00
8.825738553464340441e+00 8.878947441266724638e+00 8.852342997365532540e+00 3.468415151277289965e+01 2.000000000000000000e+00
8.878947441266724638e+00 8.932156329069108835e+00 8.905551885167916737e+00 3.546926013456882743e+01 2.000000000000000000e+00
8.932156329069108835e+00 8.985365216871493033e+00 8.958760772970300934e+00 3.628367939878827997e+01 2.000000000000000000e+00
8.985365216871493033e+00 9.038574104673880782e+00 9.011969660772686908e+00 3.715297334083538772e+01 2.000000000000000000e+00
9.038574104673880782e+00 9.091782992476264980e+00 9.065178548575072881e+00 3.811160004451860317e+01 2.000000000000000000e+00
9.091782992476264980e+00 9.144991880278649177e+00 9.118387436377457078e+00 3.908028547124582985e+01 2.000000000000000000e+00
9.144991880278649177e+00 9.198200768081033374e+00 9.171596324179841275e+00 4.004000891600131240e+01 2.000000000000000000e+00
9.198200768081033374e+00 9.251409655883421124e+00 9.224805211982227249e+00 4.103322219219720779e+01 2.000000000000000000e+00
9.251409655883421124e+00 9.304618543685805321e+00 9.278014099784613222e+00 4.204357529741596267e+01 2.000000000000000000e+00
9.304618543685805321e+00 9.357827431488189518e+00 9.331222987586997419e+00 4.308922204448008131e+01 2.000000000000000000e+00
9.357827431488189518e+00 9.411036319290573715e+00 9.384431875389381617e+00 3.627561076416505159e+01 3.000000000000000000e+00
9.411036319290573715e+00 9.464245207092961465e+00 9.437640763191767590e+00 4.577029449981284870e+01 2.000000000000000000e+00
9.464245207092961465e+00 9.517454094895345662e+00 9.490849650994153563e+00 4.681854308683489307e+01 2.000000000000000000e+00
9.517454094895345662e+00 9.570662982697729859e+00 9.544058538796537761e+00 4.777198180388858617e+01 2.000000000000000000e+00
9.570662982697729859e+00 9.623871870500114056e+00 9.597267426598921958e+00 4.867333885415102657e+01 2.000000000000000000e+00
9.623871870500114056e+00 9.677080758302501806e+00 9.650476314401307931e+00 4.070015281237902371e+01 3.000000000000000000e+00
9.677080758302501806e+00 9.730289646104886003e+00 9.703685202203693905e+00 5.107229817456638443e+01 2.000000000000000000e+00
9.730289646104886003e+00 9.783498533907270200e+00 9.756894090006078102e+00 5.207227158836677461e+01 2.000000000000000000e+00
9.783498533907270200e+00 9.836707421709654398e+00 9.810102977808462299e+00 5.310463505339860291e+01 2.000000000000000000e+00
9.836707421709654398e+00 9.889916309512042147e+00 9.863311865610848272e+00 4.448804212542695069e+01 3.000000000000000000e+00
9.889916309512042147e+00 9.943125197314426345e+00 9.916520753413234246e+00 5.597077611814603415e+01 2.000000000000000000e+00
9.943125197314426345e+00 9.996334085116810542e+00 9.969729641215618443e+00 5.716073352449707556e+01 2.000000000000000000e+00
9.996334085116810542e+00 1.004954297291919474e+01 1.002293852901800264e+01 4.809293547911483557e+01 3.000000000000000000e+00
1.004954297291919474e+01 1.010275186072158249e+01 1.007614741682038861e+01 6.100739457192362636e+01 2.000000000000000000e+00
1.010275186072158249e+01 1.015596074852396669e+01 1.012935630462277459e+01 5.146773684077672328e+01 3.000000000000000000e+00
1.015596074852396669e+01 1.020916963632635088e+01 1.018256519242515878e+01 6.522436223913356912e+01 2.000000000000000000e+00
1.020916963632635088e+01 1.026237852412873508e+01 1.023577408022754298e+01 5.522130343178316281e+01 3.000000000000000000e+00
1.026237852412873508e+01 1.031558741193112283e+01 1.028898296802992895e+01 7.015983913844509345e+01 2.000000000000000000e+00
1.031558741193112283e+01 1.036879629973350703e+01 1.034219185583231493e+01 5.955185232373394655e+01 3.000000000000000000e+00
1.036879629973350703e+01 1.042200518753589122e+01 1.039540074363469913e+01 7.583008352426286081e+01 2.000000000000000000e+00
1.042200518753589122e+01 1.047521407533827542e+01 1.044860963143708332e+01 6.418174826258477594e+01 3.000000000000000000e+00
1.047521407533827542e+01 1.052842296314066317e+01 1.050181851923946930e+01 8.163048796215016978e+01 2.000000000000000000e+00
1.052842296314066317e+01 1.058163185094304737e+01 1.055502740704185527e+01 6.958553620387480976e+01 3.000000000000000000e+00
1.058163185094304737e+01 1.063484073874543157e+01 1.060823629484423947e+01 7.358313567995726601e+01 3.000000000000000000e+00
1.063484073874543157e+01 1.068804962654781576e+01 1.066144518264662366e+01 9.422631191136362361e+01 2.000000000000000000e+00
1.068804962654781576e+01 1.074125851435020351e+01 1.071465407044900964e+01 8.034087250152104787e+01 3.000000000000000000e+00
1.074125851435020351e+01 1.079446740215258771e+01 1.076786295825139561e+01 8.455756074012275292e+01 3.000000000000000000e+00
1.079446740215258771e+01 1.084767628995497191e+01 1.082107184605377981e+01 1.081878349578398684e+02 2.000000000000000000e+00
1.084767628995497191e+01 1.090088517775735610e+01 1.087428073385616401e+01 9.227582096277303947e+01 3.000000000000000000e+00
1.090088517775735610e+01 1.095409406555974385e+01 1.092748962165854998e+01 9.658479246755904057e+01 3.000000000000000000e+00
1.095409406555974385e+01 1.100730295336212805e+01 1.098069850946093595e+01 1.229606530541561540e+02 2.000000000000000000e+00
1.100730295336212805e+01 1.106051184116451225e+01 1.103390739726332015e+01 1.044858220349324114e+02 3.000000000000000000e+00
1.106051184116451225e+01 1.111372072896689644e+01 1.108711628506570435e+01 1.095328181871731630e+02 3.000000000000000000e+00
1.111372072896689644e+01 1.116692961676928419e+01 1.114032517286809032e+01 1.145168424267522624e+02 3.000000000000000000e+00
1.116692961676928419e+01 1.122013850457166839e+01 1.119353406067047629e+01 1.192860795290058462e+02 3.000000000000000000e+00
1.122013850457166839e+01 1.127334739237405259e+01 1.124674294847286049e+01 1.241190511038621480e+02 3.000000000000000000e+00
1.127334739237405259e+01 1.132655628017643679e+01 1.129995183627524469e+01 1.571681302145460108e+02 2.000000000000000000e+00
1.132655628017643679e+01 1.137976516797882454e+01 1.135316072407763066e+01 1.326642708190035762e+02 3.000000000000000000e+00
1.137976516797882454e+01 1.143297405578120873e+01 1.140636961188001663e+01 1.380401280164397235e+02 3.000000000000000000e+00
1.143297405578120873e+01 1.148618294358359293e+01 1.145957849968240083e+01 1.437365336148679944e+02 3.000000000000000000e+00
1.148618294358359293e+01 1.153939183138597713e+01 1.151278738748478503e+01 1.496785087455265000e+02 3.000000000000000000e+00
1.153939183138597713e+01 1.159260071918836488e+01 1.156599627528717100e+01 1.559948539049837848e+02 3.000000000000000000e+00
1.159260071918836488e+01 1.164580960699074907e+01 1.161920516308955698e+01 1.628346631032865162e+02 3.000000000000000000e+00
1.164580960699074907e+01 1.169901849479313327e+01 1.167241405089194117e+01 1.700810643032785379e+02 3.000000000000000000e+00
1.169901849479313327e+01 1.175222738259551747e+01 1.172562293869432537e+01 1.779410223248164868e+02 3.000000000000000000e+00
1.175222738259551747e+01 1.180543627039790522e+01 1.177883182649671134e+01 1.865170444096665108e+02 3.000000000000000000e+00
1.180543627039790522e+01 1.185864515820028942e+01 1.183204071429909732e+01 1.957139739645267866e+02 3.000000000000000000e+00
1.185864515820028942e+01 1.191185404600267361e+01 1.188524960210148151e+01 2.060415761505106786e+02 3.000000000000000000e+00
1.191185404600267361e+01 1.196506293380505781e+01 1.193845848990386571e+01 2.170581882122216939e+02 3.000000000000000000e+00
1.196506293380505781e+01 1.201827182160744556e+01 1.199166737770625168e+01 1.988473352960674845e+02 4.000000000000000000e+00
1.201827182160744556e+01 1.207148070940982976e+01 1.204487626550863766e+01 2.434593958943908376e+02 3.000000000000000000e+00
1.207148070940982976e+01 1.212468959721221395e+01 1.209808515331102186e+01 2.564588799405991040e+02 3.000000000000000000e+00
1.212468959721221395e+01 1.217789848501459815e+01 1.215129404111340605e+01 2.698641613547093812e+02 3.000000000000000000e+00
1.217789848501459815e+01 1.223110737281698590e+01 1.220450292891579203e+01 2.830593869107543128e+02 3.000000000000000000e+00
1.223110737281698590e+01 1.228431626061937010e+01 1.225771181671817800e+01 2.591706631277081669e+02 4.000000000000000000e+00
1.228431626061937010e+01 1.233752514842175430e+01 1.231092070452056220e+01 3.167835343177199547e+02 3.000000000000000000e+00
1.233752514842175430e+01 1.239073403622413849e+01 1.236412959232294639e+01 3.342560551424767823e+02 3.000000000000000000e+00
1.239073403622413849e+01 1.244394292402652624e+01 1.241733848012533237e+01 3.560654764233820515e+02 3.000000000000000000e+00
1.244394292402652624e+01 1.249715181182891044e+01 1.247054736792771834e+01 3.313860294061217360e+02 4.000000000000000000e+00
1.249715181182891044e+01 1.255036069963129464e+01 1.252375625573010254e+01 4.079975427459799562e+02 3.000000000000000000e+00
1.255036069963129464e+01 1.260356958743367883e+01 1.257696514353248674e+01 4.319905422664249386e+02 3.000000000000000000e+00
1.260356958743367883e+01 1.265677847523606658e+01 1.263017403133487271e+01 4.009136131279481674e+02 4.000000000000000000e+00
1.265677847523606658e+01 1.270998736303845078e+01 1.268338291913725868e+01 4.968030299475566949e+02 3.000000000000000000e+00
1.270998736303845078e+01 1.276319625084083498e+01 1.273659180693964288e+01 4.636556004413490655e+02 4.000000000000000000e+00
1.276319625084083498e+01 1.281640513864321917e+01 1.278980069474202708e+01 5.802100795954517025e+02 3.000000000000000000e+00
1.281640513864321917e+01 1.286961402644560692e+01 1.284300958254441305e+01 5.401517691610930569e+02 4.000000000000000000e+00
1.286961402644560692e+01 1.292282291424799112e+01 1.289621847034679902e+01 6.701876235109037907e+02 3.000000000000000000e+00
1.292282291424799112e+01 1.297603180205037532e+01 1.294942735814918322e+01 6.257532476860291126e+02 4.000000000000000000e+00
1.297603180205037532e+01 1.302924068985276129e+01 1.300263624595156742e+01 6.764578003171944829e+02 4.000000000000000000e+00
1.302924068985276129e+01 1.308244957765514727e+01 1.305584513375395517e+01 8.350509691666665049e+02 3.000000000000000000e+00
1.308244957765514727e+01 1.313565846545753146e+01 1.310905402155633936e+01 7.748553155552154976e+02 4.000000000000000000e+00
1.313565846545753146e+01 1.318886735325991566e+01 1.316226290935872356e+01 8.446142016614682007e+02 4.000000000000000000e+00
1.318886735325991566e+01 1.324207624106230163e+01 1.321547179716110776e+01 1.042459810803991331e+03 3.000000000000000000e+00
1.324207624106230163e+01 1.329528512886468761e+01 1.326868068496349551e+01 9.558040380997549619e+02 4.000000000000000000e+00
1.329528512886468761e+01 1.334849401666707180e+01 1.332188957276587971e+01 1.024437585418621211e+03 4.000000000000000000e+00
1.334849401666707180e+01 1.340170290446945600e+01 1.337509846056826390e+01 1.100071367489850445e+03 4.000000000000000000e+00
1.340170290446945600e+01 1.345491179227184197e+01 1.342830734837064810e+01 1.351175916931745860e+03 3.000000000000000000e+00
1.345491179227184197e+01 1.350812068007422795e+01 1.348151623617303585e+01 1.248084005889868195e+03 4.000000000000000000e+00
1.350812068007422795e+01 1.356132956787661215e+01 1.353472512397542005e+01 1.343735907435361014e+03 4.000000000000000000e+00
1.356132956787661215e+01 1.361453845567899634e+01 1.358793401177780424e+01 1.445490508751456900e+03 4.000000000000000000e+00
1.361453845567899634e+01 1.366774734348138232e+01 1.364114289958018844e+01 1.559503334050150443e+03 4.000000000000000000e+00
1.366774734348138232e+01 1.372095623128376829e+01 1.369435178738257619e+01 1.691808005583371823e+03 4.000000000000000000e+00
1.372095623128376829e+01 1.377416511908615249e+01 1.374756067518496039e+01 1.850083170420555234e+03 4.000000000000000000e+00
1.377416511908615249e+01 1.382737400688853668e+01 1.380076956298734459e+01 2.113277473868034576e+03 4.000000000000000000e+00
1.382737400688853668e+01 1.388058289469092088e+01 1.385397845078972878e+01 3.358441808289787787e+03 3.000000000000000000e+00
