# WavLow(micr), WavUpp(micr), WavC(micr), BinnedNoise(ppm), Npix
5.975154978569092723e-01 6.074754797842794041e-01 6.024954888205943382e-01 1.108967571777413781e+02 2.000000000000000000e+00
6.074754797842794041e-01 6.174354617116495358e-01 6.124554707479644700e-01 1.068346123764201820e+02 2.000000000000000000e+00
6.174354617116495358e-01 6.273954436390196676e-01 6.224154526753346017e-01 8.161495571998291609e+01 2.000000000000000000e+00
6.273954436390196676e-01 6.373554255663897994e-01 6.323754346027047335e-01 6.188144682812070840e+01 2.000000000000000000e+00
6.373554255663897994e-01 6.473154074937599312e-01 6.423354165300748653e-01 4.947059010178558225e+01 2.000000000000000000e+00
6.473154074937599312e-01 6.572753894211300629e-01 6.522953984574449970e-01 4.407155647961237577e+01 2.000000000000000000e+00
6.572753894211300629e-01 6.672353713485001947e-01 6.622553803848151288e-01 5.938138228753438597e+01 1.000000000000000000e+00
6.672353713485001947e-01 6.771953532758703265e-01 6.722153623121852606e-01 4.151761421131216423e+01 2.000000000000000000e+00
6.771953532758703265e-01 6.871553352032404582e-01 6.821753442395553924e-01 3.291722752456478673e+01 2.000000000000000000e+00
6.871553352032404582e-01 6.971153171306105900e-01 6.921353261669255241e-01 3.534525755485455534e+01 1.000000000000000000e+00
6.971153171306105900e-01 7.070752990579807218e-01 7.020953080942956559e-01 1.941037403271211659e+01 2.000000000000000000e+00
7.070752990579807218e-01 7.170352809853508536e-01 7.120552900216657877e-01 2.412327779869462319e+01 1.000000000000000000e+00
7.170352809853508536e-01 7.269952629127209853e-01 7.220152719490359194e-01 1.473957238399035852e+01 2.000000000000000000e+00
7.269952629127209853e-01 7.369552448400911171e-01 7.319752538764060512e-01 1.731700375283757154e+01 1.000000000000000000e+00
7.369552448400911171e-01 7.469152267674612489e-01 7.419352358037761830e-01 1.594953151887902543e+01 1.000000000000000000e+00
7.469152267674612489e-01 7.568752086948313806e-01 7.518952177311463148e-01 1.042029753849716123e+01 2.000000000000000000e+00
7.568752086948313806e-01 7.668351906222015124e-01 7.618551996585164465e-01 1.408899271702882494e+01 1.000000000000000000e+00
7.668351906222015124e-01 7.767951725495716442e-01 7.718151815858865783e-01 1.376403716458221105e+01 1.000000000000000000e+00
7.767951725495716442e-01 7.867551544769417760e-01 7.817751635132567101e-01 1.267396948283896840e+01 1.000000000000000000e+00
7.867551544769417760e-01 7.967151364043119077e-01 7.917351454406268418e-01 1.153020575957118155e+01 1.000000000000000000e+00
7.967151364043119077e-01 8.066751183316820395e-01 8.016951273679969736e-01 1.047077430762819183e+01 1.000000000000000000e+00
8.066751183316820395e-01 8.166351002590521713e-01 8.116551092953671054e-01 9.735300562491614684e+00 1.000000000000000000e+00
8.166351002590521713e-01 8.265950821864223030e-01 8.216150912227372372e-01 9.234713767156819131e+00 1.000000000000000000e+00
8.265950821864223030e-01 8.365550641137924348e-01 8.315750731501073689e-01 9.308102131053789918e+00 1.000000000000000000e+00
8.365550641137924348e-01 8.465150460411625666e-01 8.415350550774775007e-01 9.582130000587596896e+00 1.000000000000000000e+00
8.465150460411625666e-01 8.564750279685326984e-01 8.514950370048476325e-01 1.006706539291980107e+01 1.000000000000000000e+00
8.564750279685326984e-01 8.664350098959028301e-01 8.614550189322177642e-01 9.605694274832607960e+00 1.000000000000000000e+00
8.664350098959028301e-01 8.763949918232729619e-01 8.714150008595878960e-01 8.833125722365259946e+00 1.000000000000000000e+00
8.763949918232729619e-01 8.863549737506430937e-01 8.813749827869580278e-01 7.928348930585047860e+00 1.000000000000000000e+00
8.863549737506430937e-01 8.963149556780132254e-01 8.913349647143281596e-01 7.042293531014603758e+00 1.000000000000000000e+00
8.963149556780132254e-01 9.112549285690684231e-01 9.012949466416982913e-01 6.349268104720857231e+00 1.000000000000000000e+00
9.112549285690684231e-01 9.261949014601236208e-01 9.212149104964385549e-01 6.073210011805080910e+00 1.000000000000000000e+00
9.261949014601236208e-01 9.361548833874937525e-01 9.311748924238086866e-01 6.049185928074249041e+00 1.000000000000000000e+00
9.361548833874937525e-01 9.461148653148638843e-01 9.411348743511788184e-01 6.034927312466601634e+00 1.000000000000000000e+00
9.461148653148638843e-01 9.610548382059190820e-01 9.510948562785489502e-01 5.814557324925013759e+00 1.000000000000000000e+00
9.610548382059190820e-01 9.759948110969742796e-01 9.710148201332892137e-01 5.440297310263026098e+00 1.000000000000000000e+00
9.759948110969742796e-01 9.909347839880295883e-01 9.809748020606593455e-01 5.109669291563644578e+00 1.000000000000000000e+00
9.909347839880295883e-01 1.005874756879084675e+00 1.000894765915399720e+00 5.000000000000000000e+00 1.000000000000000000e+00
1.005874756879084675e+00 1.015834738806454807e+00 1.010854747842769630e+00 5.000000000000000000e+00 1.000000000000000000e+00
1.015834738806454807e+00 1.030774711697510115e+00 1.020814729770139984e+00 5.000000000000000000e+00 1.000000000000000000e+00
1.030774711697510115e+00 1.050694675552250379e+00 1.040734693624880247e+00 5.000000000000000000e+00 1.000000000000000000e+00
1.050694675552250379e+00 1.065634648443305466e+00 1.060654657479620511e+00 5.000000000000000000e+00 1.000000000000000000e+00
1.065634648443305466e+00 1.080574621334360552e+00 1.070614639406990420e+00 5.000000000000000000e+00 1.000000000000000000e+00
1.080574621334360552e+00 1.095514594225415861e+00 1.090534603261730684e+00 5.000000000000000000e+00 1.000000000000000000e+00
1.095514594225415861e+00 1.110454567116471170e+00 1.100494585189101038e+00 5.000000000000000000e+00 1.000000000000000000e+00
1.110454567116471170e+00 1.130374530971211433e+00 1.120414549043841301e+00 5.000000000000000000e+00 1.000000000000000000e+00
1.130374530971211433e+00 1.145314503862266520e+00 1.140334512898581565e+00 5.000000000000000000e+00 1.000000000000000000e+00
1.145314503862266520e+00 1.160254476753321606e+00 1.150294494825951475e+00 5.000000000000000000e+00 1.000000000000000000e+00
1.160254476753321606e+00 1.180174440608061870e+00 1.170214458680691738e+00 5.000000000000000000e+00 1.000000000000000000e+00
1.180174440608061870e+00 1.200094404462802133e+00 1.190134422535432002e+00 5.000000000000000000e+00 1.000000000000000000e+00
1.200094404462802133e+00 1.220014368317542397e+00 1.210054386390172265e+00 5.000000000000000000e+00 1.000000000000000000e+00
1.220014368317542397e+00 1.239934332172282661e+00 1.229974350244912529e+00 5.000000000000000000e+00 1.000000000000000000e+00
1.239934332172282661e+00 1.254874305063337969e+00 1.249894314099652792e+00 5.000000000000000000e+00 1.000000000000000000e+00
1.254874305063337969e+00 1.269814277954393278e+00 1.259854296027023146e+00 5.000000000000000000e+00 1.000000000000000000e+00
1.269814277954393278e+00 1.289734241809133541e+00 1.279774259881763410e+00 5.000000000000000000e+00 1.000000000000000000e+00
1.289734241809133541e+00 1.309654205663873805e+00 1.299694223736503673e+00 5.000000000000000000e+00 1.000000000000000000e+00
1.309654205663873805e+00 1.329574169518614069e+00 1.319614187591243937e+00 5.000000000000000000e+00 1.000000000000000000e+00
1.329574169518614069e+00 1.349494133373354332e+00 1.339534151445984200e+00 5.000000000000000000e+00 1.000000000000000000e+00
1.349494133373354332e+00 1.369414097228094596e+00 1.359454115300724464e+00 5.000000000000000000e+00 1.000000000000000000e+00
1.369414097228094596e+00 1.389334061082834859e+00 1.379374079155464727e+00 5.000000000000000000e+00 1.000000000000000000e+00
1.389334061082834859e+00 1.409254024937575123e+00 1.399294043010204991e+00 5.000000000000000000e+00 1.000000000000000000e+00
1.409254024937575123e+00 1.429173988792315386e+00 1.419214006864945254e+00 5.000000000000000000e+00 1.000000000000000000e+00
1.429173988792315386e+00 1.449093952647055650e+00 1.439133970719685518e+00 5.000000000000000000e+00 1.000000000000000000e+00
1.449093952647055650e+00 1.469013916501795913e+00 1.459053934574425782e+00 5.000000000000000000e+00 1.000000000000000000e+00
1.469013916501795913e+00 1.488933880356536177e+00 1.478973898429166045e+00 5.000000000000000000e+00 1.000000000000000000e+00
1.488933880356536177e+00 1.508853844211276440e+00 1.498893862283906309e+00 5.000000000000000000e+00 1.000000000000000000e+00
1.508853844211276440e+00 1.528773808066016704e+00 1.518813826138646572e+00 5.000000000000000000e+00 1.000000000000000000e+00
1.528773808066016704e+00 1.548693771920756967e+00 1.538733789993386836e+00 5.000000000000000000e+00 1.000000000000000000e+00
1.548693771920756967e+00 1.573593726739182186e+00 1.558653753848127099e+00 5.000000000000000000e+00 1.000000000000000000e+00
1.573593726739182186e+00 1.598493681557607404e+00 1.588533699630237273e+00 5.000000000000000000e+00 1.000000000000000000e+00
1.598493681557607404e+00 1.618413645412347668e+00 1.608453663484977536e+00 5.000000000000000000e+00 1.000000000000000000e+00
1.618413645412347668e+00 1.638333609267087931e+00 1.628373627339717800e+00 5.000000000000000000e+00 1.000000000000000000e+00
1.638333609267087931e+00 1.658253573121828195e+00 1.648293591194458063e+00 5.000000000000000000e+00 1.000000000000000000e+00
1.658253573121828195e+00 1.678173536976568458e+00 1.668213555049198327e+00 5.000000000000000000e+00 1.000000000000000000e+00
1.678173536976568458e+00 1.698093500831308722e+00 1.688133518903938590e+00 5.000000000000000000e+00 1.000000000000000000e+00
1.698093500831308722e+00 1.718013464686048986e+00 1.708053482758678854e+00 5.000000000000000000e+00 1.000000000000000000e+00
1.718013464686048986e+00 1.737933428540789249e+00 1.727973446613419117e+00 5.000000000000000000e+00 1.000000000000000000e+00
1.737933428540789249e+00 1.757853392395529513e+00 1.747893410468159381e+00 5.000000000000000000e+00 1.000000000000000000e+00
1.757853392395529513e+00 1.777773356250269776e+00 1.767813374322899644e+00 5.000000000000000000e+00 1.000000000000000000e+00
1.777773356250269776e+00 1.797693320105010040e+00 1.787733338177639908e+00 5.000000000000000000e+00 1.000000000000000000e+00
1.797693320105010040e+00 1.817613283959750303e+00 1.807653302032380171e+00 5.000000000000000000e+00 1.000000000000000000e+00
1.817613283959750303e+00 1.837533247814490567e+00 1.827573265887120435e+00 5.000000000000000000e+00 1.000000000000000000e+00
1.837533247814490567e+00 1.857453211669230830e+00 1.847493229741860699e+00 5.000000000000000000e+00 1.000000000000000000e+00
1.857453211669230830e+00 1.872393184560286139e+00 1.867413193596600962e+00 5.000000000000000000e+00 1.000000000000000000e+00
1.872393184560286139e+00 1.887333157451341448e+00 1.877373175523971316e+00 5.000000000000000000e+00 1.000000000000000000e+00
1.887333157451341448e+00 1.907253121306081711e+00 1.897293139378711579e+00 5.000000000000000000e+00 1.000000000000000000e+00
1.907253121306081711e+00 1.927173085160821975e+00 1.917213103233451843e+00 5.000000000000000000e+00 1.000000000000000000e+00
1.927173085160821975e+00 1.947093049015562238e+00 1.937133067088192107e+00 5.000000000000000000e+00 1.000000000000000000e+00
1.947093049015562238e+00 1.967013012870302502e+00 1.957053030942932370e+00 5.000000000000000000e+00 1.000000000000000000e+00
1.967013012870302502e+00 1.986932976725042765e+00 1.976972994797672634e+00 5.000000000000000000e+00 1.000000000000000000e+00
1.986932976725042765e+00 2.006852940579783251e+00 1.996892958652412897e+00 5.000000000000000000e+00 1.000000000000000000e+00
2.006852940579783251e+00 2.026772904434523070e+00 2.016812922507153161e+00 5.000000000000000000e+00 1.000000000000000000e+00
2.026772904434523070e+00 2.041712877325578379e+00 2.036732886361893424e+00 5.000000000000000000e+00 1.000000000000000000e+00
2.041712877325578379e+00 2.056652850216633688e+00 2.046692868289263334e+00 5.000000000000000000e+00 1.000000000000000000e+00
2.056652850216633688e+00 2.076572814071373507e+00 2.066612832144003598e+00 5.000000000000000000e+00 1.000000000000000000e+00
2.076572814071373507e+00 2.096492777926114215e+00 2.086532795998743861e+00 5.000000000000000000e+00 1.000000000000000000e+00
2.096492777926114215e+00 2.116412741780854034e+00 2.106452759853484125e+00 5.000000000000000000e+00 1.000000000000000000e+00
2.116412741780854034e+00 2.136332705635594742e+00 2.126372723708224388e+00 5.000000000000000000e+00 1.000000000000000000e+00
2.136332705635594742e+00 2.151272678526649607e+00 2.146292687562964652e+00 5.000000000000000000e+00 1.000000000000000000e+00
2.151272678526649607e+00 2.166212651417705359e+00 2.156252669490335006e+00 5.000000000000000000e+00 1.000000000000000000e+00
2.166212651417705359e+00 2.186132615272445179e+00 2.176172633345075269e+00 5.000000000000000000e+00 1.000000000000000000e+00
2.186132615272445179e+00 2.206052579127185886e+00 2.196092597199815533e+00 5.000000000000000000e+00 1.000000000000000000e+00
2.206052579127185886e+00 2.220992552018240751e+00 2.216012561054555796e+00 5.000000000000000000e+00 1.000000000000000000e+00
2.220992552018240751e+00 2.235932524909295616e+00 2.225972542981925706e+00 5.000000000000000000e+00 1.000000000000000000e+00
2.235932524909295616e+00 2.255852488764036323e+00 2.245892506836665969e+00 5.000000000000000000e+00 1.000000000000000000e+00
2.255852488764036323e+00 2.275772452618776143e+00 2.265812470691406233e+00 5.000000000000000000e+00 1.000000000000000000e+00
2.275772452618776143e+00 2.290712425509831895e+00 2.285732434546146497e+00 5.000000000000000000e+00 1.000000000000000000e+00
2.290712425509831895e+00 2.305652398400886760e+00 2.295692416473516850e+00 5.000000000000000000e+00 1.000000000000000000e+00
2.305652398400886760e+00 2.325572362255627468e+00 2.315612380328257114e+00 5.000000000000000000e+00 1.000000000000000000e+00
2.325572362255627468e+00 2.340512335146682332e+00 2.335532344182997377e+00 5.000000000000000000e+00 1.000000000000000000e+00
2.340512335146682332e+00 2.355452308037737197e+00 2.345492326110367287e+00 5.000000000000000000e+00 1.000000000000000000e+00
2.355452308037737197e+00 2.375372271892477904e+00 2.365412289965107551e+00 5.000000000000000000e+00 1.000000000000000000e+00
2.375372271892477904e+00 2.390312244783532769e+00 2.385332253819847814e+00 5.000000000000000000e+00 1.000000000000000000e+00
2.390312244783532769e+00 2.405252217674588522e+00 2.395292235747218168e+00 5.000000000000000000e+00 1.000000000000000000e+00
2.405252217674588522e+00 2.425172181529328341e+00 2.415212199601958432e+00 5.000000000000000000e+00 1.000000000000000000e+00
2.425172181529328341e+00 2.440112154420383650e+00 2.435132163456698695e+00 5.000000000000000000e+00 1.000000000000000000e+00
2.440112154420383650e+00 2.455052127311438959e+00 2.445092145384068605e+00 5.000000000000000000e+00 1.000000000000000000e+00
2.455052127311438959e+00 2.469992100202493823e+00 2.465012109238808868e+00 5.145356145631319933e+00 1.000000000000000000e+00
2.469992100202493823e+00 2.484932073093549576e+00 2.474972091166179222e+00 5.438536801985262237e+00 1.000000000000000000e+00
2.484932073093549576e+00 2.504852036948289395e+00 2.494892055020919486e+00 5.720338395230207595e+00 1.000000000000000000e+00
2.504852036948289395e+00 2.519792009839344704e+00 2.514812018875659749e+00 5.881590939967878739e+00 1.000000000000000000e+00
2.519792009839344704e+00 2.534731982730400013e+00 2.524772000803029659e+00 5.912472695240857945e+00 1.000000000000000000e+00
2.534731982730400013e+00 2.549671955621454877e+00 2.544691964657769923e+00 5.856258630261774734e+00 1.000000000000000000e+00
2.549671955621454877e+00 2.564611928512510630e+00 2.554651946585140276e+00 5.801787303259155593e+00 1.000000000000000000e+00
2.564611928512510630e+00 2.579551901403565495e+00 2.574571910439880540e+00 5.754138483079143107e+00 1.000000000000000000e+00
2.579551901403565495e+00 2.594491874294620359e+00 2.584531892367250450e+00 5.678069245452016744e+00 1.000000000000000000e+00
2.594491874294620359e+00 2.614411838149361067e+00 2.604451856221990713e+00 5.698318419151389591e+00 1.000000000000000000e+00
2.614411838149361067e+00 2.629351811040416376e+00 2.624371820076731421e+00 5.884995362388895757e+00 1.000000000000000000e+00
2.629351811040416376e+00 2.644291783931471684e+00 2.634331802004101331e+00 6.054826631322578478e+00 1.000000000000000000e+00
2.644291783931471684e+00 2.659231756822526549e+00 2.654251765858841594e+00 6.038552639935303112e+00 1.000000000000000000e+00
2.659231756822526549e+00 2.674171729713581858e+00 2.664211747786211948e+00 5.962375647166653359e+00 1.000000000000000000e+00
2.674171729713581858e+00 2.689111702604637166e+00 2.684131711640951767e+00 5.999377945581928273e+00 1.000000000000000000e+00
2.689111702604637166e+00 2.704051675495692031e+00 2.694091693568322121e+00 6.148107446971967427e+00 1.000000000000000000e+00
2.704051675495692031e+00 2.718991648386747340e+00 2.714011657423062385e+00 6.315522333741761862e+00 1.000000000000000000e+00
2.718991648386747340e+00 2.733931621277802648e+00 2.723971639350432294e+00 6.406346117959521358e+00 1.000000000000000000e+00
2.733931621277802648e+00 2.748871594168857957e+00 2.743891603205173002e+00 6.410459174087314693e+00 1.000000000000000000e+00
2.748871594168857957e+00 2.758831576096227867e+00 2.753851585132542912e+00 6.473742413486386127e+00 1.000000000000000000e+00
2.758831576096227867e+00 2.773771548987283175e+00 2.763811567059912822e+00 6.644138942819054705e+00 1.000000000000000000e+00
2.773771548987283175e+00 2.788711521878338484e+00 2.783731530914653529e+00 6.717628906646609721e+00 1.000000000000000000e+00
2.788711521878338484e+00 2.803651494769393793e+00 2.793691512842023439e+00 6.602418388323627596e+00 1.000000000000000000e+00
2.803651494769393793e+00 2.818591467660448657e+00 2.813611476696763702e+00 6.522590431879816464e+00 1.000000000000000000e+00
2.818591467660448657e+00 2.833531440551503966e+00 2.823571458624134056e+00 6.620932099477079724e+00 1.000000000000000000e+00
2.833531440551503966e+00 2.848471413442559275e+00 2.843491422478873876e+00 6.858914499837798218e+00 1.000000000000000000e+00
2.848471413442559275e+00 2.863411386333614139e+00 2.853451404406244230e+00 7.042458868439684494e+00 1.000000000000000000e+00
2.863411386333614139e+00 2.878351359224669448e+00 2.873371368260984493e+00 7.038560441010432100e+00 1.000000000000000000e+00
2.878351359224669448e+00 2.888311341152039802e+00 2.883331350188354403e+00 6.987309773763553444e+00 1.000000000000000000e+00
2.888311341152039802e+00 2.903251314043094666e+00 2.893291332115724757e+00 7.087146772412311613e+00 1.000000000000000000e+00
2.903251314043094666e+00 2.918191286934149975e+00 2.913211295970465020e+00 7.263945555457209657e+00 1.000000000000000000e+00
2.918191286934149975e+00 2.928151268861520329e+00 2.923171277897834930e+00 7.201180129341226532e+00 1.000000000000000000e+00
2.928151268861520329e+00 2.943091241752575193e+00 2.933131259825205284e+00 7.045330608387818216e+00 1.000000000000000000e+00
2.943091241752575193e+00 2.958031214643630502e+00 2.953051223679945547e+00 7.058540142567951925e+00 1.000000000000000000e+00
2.958031214643630502e+00 2.972971187534685811e+00 2.963011205607315457e+00 7.101308311262841677e+00 1.000000000000000000e+00
2.972971187534685811e+00 2.987911160425741119e+00 2.982931169462056165e+00 7.080704918723272456e+00 1.000000000000000000e+00
2.987911160425741119e+00 2.997871142353111029e+00 2.992891151389426074e+00 7.143479971601801815e+00 1.000000000000000000e+00
2.997871142353111029e+00 3.012811115244166338e+00 3.002851133316795984e+00 7.199390334439531358e+00 1.000000000000000000e+00
3.012811115244166338e+00 3.027751088135221647e+00 3.022771097171536692e+00 7.145291742981523697e+00 1.000000000000000000e+00
3.027751088135221647e+00 3.037711070062591556e+00 3.032731079098906601e+00 7.083441531791748957e+00 1.000000000000000000e+00
3.037711070062591556e+00 3.052651042953646865e+00 3.042691061026276511e+00 7.145160563549582733e+00 1.000000000000000000e+00
3.052651042953646865e+00 3.067591015844702174e+00 3.062611024881017219e+00 7.353741932122281888e+00 1.000000000000000000e+00
3.067591015844702174e+00 3.077550997772072083e+00 3.072571006808387128e+00 7.589532044880889394e+00 1.000000000000000000e+00
3.077550997772072083e+00 3.092490970663127392e+00 3.082530988735757038e+00 7.585131730159798913e+00 1.000000000000000000e+00
3.092490970663127392e+00 3.107430943554182701e+00 3.102450952590497746e+00 7.326220876863303921e+00 1.000000000000000000e+00
3.107430943554182701e+00 3.117390925481552610e+00 3.112410934517867656e+00 7.162865328459156800e+00 1.000000000000000000e+00
3.117390925481552610e+00 3.132330898372607919e+00 3.122370916445237565e+00 7.219658826676141672e+00 1.000000000000000000e+00
3.132330898372607919e+00 3.147270871263663228e+00 3.142290880299978273e+00 7.375021446325915164e+00 1.000000000000000000e+00
3.147270871263663228e+00 3.157230853191033138e+00 3.152250862227348183e+00 7.461610876825358396e+00 1.000000000000000000e+00
3.157230853191033138e+00 3.167190835118403491e+00 3.162210844154718092e+00 7.486378960369349578e+00 1.000000000000000000e+00
3.167190835118403491e+00 3.182130808009458356e+00 3.172170826082088446e+00 7.519137658176648031e+00 1.000000000000000000e+00
3.182130808009458356e+00 3.197070780900513665e+00 3.192090789936828710e+00 7.577737036976673224e+00 1.000000000000000000e+00
3.197070780900513665e+00 3.207030762827884018e+00 3.202050771864198619e+00 7.617734592782545278e+00 1.000000000000000000e+00
3.207030762827884018e+00 3.216990744755253928e+00 3.212010753791568973e+00 7.622424629123223383e+00 1.000000000000000000e+00
3.216990744755253928e+00 3.231930717646309237e+00 3.221970735718939327e+00 7.565378189400833620e+00 1.000000000000000000e+00
3.231930717646309237e+00 3.246870690537364545e+00 3.241890699573679147e+00 7.473043823184828405e+00 1.000000000000000000e+00
3.246870690537364545e+00 3.256830672464734455e+00 3.251850681501049500e+00 7.403894293797515402e+00 1.000000000000000000e+00
3.256830672464734455e+00 3.266790654392104809e+00 3.261810663428419854e+00 7.375243814524377051e+00 1.000000000000000000e+00
3.266790654392104809e+00 3.281730627283160118e+00 3.271770645355789764e+00 7.347882024366081843e+00 1.000000000000000000e+00
3.281730627283160118e+00 3.296670600174214982e+00 3.291690609210530027e+00 7.273999606816802910e+00 1.000000000000000000e+00
3.296670600174214982e+00 3.306630582101585336e+00 3.301650591137900381e+00 7.214693421992376621e+00 1.000000000000000000e+00
3.306630582101585336e+00 3.316590564028955246e+00 3.311610573065270291e+00 7.205833502337668506e+00 1.000000000000000000e+00
3.316590564028955246e+00 3.331530536920010555e+00 3.321570554992640201e+00 7.254399964641543797e+00 1.000000000000000000e+00
3.331530536920010555e+00 3.346470509811065863e+00 3.341490518847380908e+00 7.395957386612262319e+00 1.000000000000000000e+00
3.346470509811065863e+00 3.356430491738435773e+00 3.351450500774750818e+00 7.584755372117087724e+00 1.000000000000000000e+00
3.356430491738435773e+00 3.366390473665806127e+00 3.361410482702120728e+00 7.716659265415054314e+00 1.000000000000000000e+00
3.366390473665806127e+00 3.376350455593176036e+00 3.371370464629491082e+00 7.682975149187961428e+00 1.000000000000000000e+00
3.376350455593176036e+00 3.391290428484231345e+00 3.381330446556861435e+00 7.593898874419937606e+00 1.000000000000000000e+00
3.391290428484231345e+00 3.406230401375286654e+00 3.401250410411601255e+00 7.529734534580287963e+00 1.000000000000000000e+00
3.406230401375286654e+00 3.416190383302656564e+00 3.411210392338971609e+00 7.511427374730796913e+00 1.000000000000000000e+00
3.416190383302656564e+00 3.426150365230026917e+00 3.421170374266341963e+00 7.538497763285091580e+00 1.000000000000000000e+00
3.426150365230026917e+00 3.436110347157396827e+00 3.431130356193711872e+00 7.599817745306326700e+00 1.000000000000000000e+00
3.436110347157396827e+00 3.451050320048452136e+00 3.441090338121081782e+00 7.688420058727920114e+00 1.000000000000000000e+00
3.451050320048452136e+00 3.465990292939507444e+00 3.461010301975822490e+00 7.742355764478188185e+00 1.000000000000000000e+00
3.465990292939507444e+00 3.475950274866877354e+00 3.470970283903192399e+00 7.779284983598223846e+00 1.000000000000000000e+00
3.475950274866877354e+00 3.485910256794247708e+00 3.480930265830562309e+00 7.846603910459585940e+00 1.000000000000000000e+00
3.485910256794247708e+00 3.495870238721617618e+00 3.490890247757932663e+00 7.954855371548150700e+00 1.000000000000000000e+00
3.495870238721617618e+00 3.505830220648987972e+00 3.500850229685303017e+00 7.968484101870179082e+00 1.000000000000000000e+00
3.505830220648987972e+00 3.520770193540043280e+00 3.510810211612672926e+00 7.889085481959945412e+00 1.000000000000000000e+00
3.520770193540043280e+00 3.535710166431098145e+00 3.530730175467413190e+00 7.837836238471733274e+00 1.000000000000000000e+00
3.535710166431098145e+00 3.545670148358468499e+00 3.540690157394783544e+00 7.807131692441106274e+00 1.000000000000000000e+00
3.545670148358468499e+00 3.555630130285838408e+00 3.550650139322153453e+00 7.792292800795895147e+00 1.000000000000000000e+00
3.555630130285838408e+00 3.565590112213208762e+00 3.560610121249523363e+00 7.901936753173272265e+00 1.000000000000000000e+00
3.565590112213208762e+00 3.575550094140578672e+00 3.570570103176893717e+00 8.048845192892391864e+00 1.000000000000000000e+00
3.575550094140578672e+00 3.585510076067949026e+00 3.580530085104264071e+00 8.103041023818263966e+00 1.000000000000000000e+00
3.585510076067949026e+00 3.600450048959004334e+00 3.590490067031633981e+00 8.025865038141935415e+00 1.000000000000000000e+00
3.600450048959004334e+00 3.615390021850059199e+00 3.610410030886374244e+00 7.832795836550597635e+00 1.000000000000000000e+00
3.615390021850059199e+00 3.625350003777429553e+00 3.620370012813744598e+00 7.797502264142702977e+00 1.000000000000000000e+00
3.625350003777429553e+00 3.635309985704799463e+00 3.630329994741114508e+00 7.888846008744801352e+00 1.000000000000000000e+00
3.635309985704799463e+00 3.645269967632169816e+00 3.640289976668484417e+00 8.013418110176106168e+00 1.000000000000000000e+00
3.645269967632169816e+00 3.655229949559539726e+00 3.650249958595854771e+00 8.082444944513365925e+00 1.000000000000000000e+00
3.655229949559539726e+00 3.665189931486910080e+00 3.660209940523225125e+00 8.012160771160823813e+00 1.000000000000000000e+00
3.665189931486910080e+00 3.675149913414279990e+00 3.670169922450595035e+00 7.950642298962548260e+00 1.000000000000000000e+00
3.675149913414279990e+00 3.685109895341650343e+00 3.680129904377964944e+00 7.921880416783245948e+00 1.000000000000000000e+00
3.685109895341650343e+00 3.700049868232705208e+00 3.690089886305335298e+00 7.928954949701462418e+00 1.000000000000000000e+00
3.700049868232705208e+00 3.714989841123760517e+00 3.710009850160075562e+00 7.943692165266416971e+00 1.000000000000000000e+00
3.714989841123760517e+00 3.724949823051130871e+00 3.719969832087445472e+00 7.941453725767718907e+00 1.000000000000000000e+00
3.724949823051130871e+00 3.734909804978500780e+00 3.729929814014815825e+00 7.946416983532206046e+00 1.000000000000000000e+00
3.734909804978500780e+00 3.744869786905871134e+00 3.739889795942186179e+00 7.967692159556368559e+00 1.000000000000000000e+00
3.744869786905871134e+00 3.754829768833241044e+00 3.749849777869556089e+00 8.012953190562392081e+00 1.000000000000000000e+00
3.754829768833241044e+00 3.764789750760611398e+00 3.759809759796925999e+00 8.093980450687087824e+00 1.000000000000000000e+00
3.764789750760611398e+00 3.774749732687981307e+00 3.769769741724296352e+00 8.194018913140247662e+00 1.000000000000000000e+00
3.774749732687981307e+00 3.784709714615351661e+00 3.779729723651666706e+00 8.296519312611488672e+00 1.000000000000000000e+00
3.784709714615351661e+00 3.794669696542721571e+00 3.789689705579036616e+00 8.309769986065221659e+00 1.000000000000000000e+00
3.794669696542721571e+00 3.804629678470091925e+00 3.799649687506406526e+00 8.266785055371745017e+00 1.000000000000000000e+00
3.804629678470091925e+00 3.814589660397461834e+00 3.809609669433776880e+00 8.212647346845386664e+00 1.000000000000000000e+00
3.814589660397461834e+00 3.824549642324832188e+00 3.819569651361147233e+00 8.172849599788474251e+00 1.000000000000000000e+00
3.824549642324832188e+00 3.839489615215887497e+00 3.829529633288517143e+00 8.213924143245233012e+00 1.000000000000000000e+00
3.839489615215887497e+00 3.854429588106942361e+00 3.849449597143257407e+00 8.257137654885474021e+00 1.000000000000000000e+00
3.854429588106942361e+00 3.864389570034312715e+00 3.859409579070627760e+00 8.296470099026707956e+00 1.000000000000000000e+00
3.864389570034312715e+00 3.874349551961682625e+00 3.869369560997997670e+00 8.321288679069892780e+00 1.000000000000000000e+00
3.874349551961682625e+00 3.884309533889052979e+00 3.879329542925367580e+00 8.344094454063375466e+00 1.000000000000000000e+00
3.884309533889052979e+00 3.894269515816422889e+00 3.889289524852737934e+00 8.395869018839979603e+00 1.000000000000000000e+00
3.894269515816422889e+00 3.904229497743793242e+00 3.899249506780108288e+00 8.476734827161839902e+00 1.000000000000000000e+00
3.904229497743793242e+00 3.914189479671163152e+00 3.909209488707478197e+00 8.505245977704435134e+00 1.000000000000000000e+00
3.914189479671163152e+00 3.924149461598533506e+00 3.919169470634848107e+00 8.526594289262106940e+00 1.000000000000000000e+00
3.924149461598533506e+00 3.934109443525903416e+00 3.929129452562218461e+00 8.554205171619374326e+00 1.000000000000000000e+00
3.934109443525903416e+00 3.944069425453273769e+00 3.939089434489588815e+00 8.607757913766459268e+00 1.000000000000000000e+00
3.944069425453273769e+00 3.954029407380643679e+00 3.949049416416958724e+00 8.658773208878548289e+00 1.000000000000000000e+00
3.954029407380643679e+00 3.963989389308014033e+00 3.959009398344328634e+00 8.710884276292032879e+00 1.000000000000000000e+00
3.963989389308014033e+00 3.973949371235383943e+00 3.968969380271698988e+00 8.765166636255486310e+00 1.000000000000000000e+00
3.973949371235383943e+00 3.983909353162754297e+00 3.978929362199069342e+00 8.825618841332925513e+00 1.000000000000000000e+00
3.983909353162754297e+00 3.993869335090124206e+00 3.988889344126439251e+00 8.880609743715980997e+00 1.000000000000000000e+00
3.993869335090124206e+00 4.003829317017494560e+00 3.998849326053809161e+00 8.937596768462356067e+00 1.000000000000000000e+00
4.003829317017494560e+00 4.013789298944864470e+00 4.008809307981179515e+00 9.027460766779192625e+00 1.000000000000000000e+00
4.013789298944864470e+00 4.023749280872234380e+00 4.018769289908549425e+00 9.144058441826278028e+00 1.000000000000000000e+00
4.023749280872234380e+00 4.033709262799604289e+00 4.028729271835919334e+00 9.247337001090103925e+00 1.000000000000000000e+00
4.033709262799604289e+00 4.043669244726974199e+00 4.038689253763289244e+00 9.278317381434826316e+00 1.000000000000000000e+00
4.043669244726974199e+00 4.053629226654344997e+00 4.048649235690660042e+00 9.292736990035118438e+00 1.000000000000000000e+00
4.053629226654344997e+00 4.063589208581714907e+00 4.058609217618029952e+00 9.313132500587636642e+00 1.000000000000000000e+00
4.063589208581714907e+00 4.073549190509084816e+00 4.068569199545399862e+00 9.350969823439140072e+00 1.000000000000000000e+00
4.073549190509084816e+00 4.083509172436455614e+00 4.078529181472769771e+00 9.441268416757399251e+00 1.000000000000000000e+00
4.083509172436455614e+00 4.093469154363825524e+00 4.088489163400140569e+00 9.526129764506379161e+00 1.000000000000000000e+00
4.093469154363825524e+00 4.103429136291195434e+00 4.098449145327510479e+00 9.593608854960253396e+00 1.000000000000000000e+00
4.103429136291195434e+00 4.113389118218565343e+00 4.108409127254880389e+00 9.559542848103122381e+00 1.000000000000000000e+00
4.113389118218565343e+00 4.123349100145935253e+00 4.118369109182250298e+00 9.536153321285675943e+00 1.000000000000000000e+00
4.123349100145935253e+00 4.133309082073306051e+00 4.128329091109621096e+00 9.529701150568987700e+00 1.000000000000000000e+00
4.133309082073306051e+00 4.143269064000675961e+00 4.138289073036991006e+00 9.629920120996141364e+00 1.000000000000000000e+00
4.143269064000675961e+00 4.153229045928045871e+00 4.148249054964360916e+00 9.754549926476496324e+00 1.000000000000000000e+00
4.153229045928045871e+00 4.163189027855416668e+00 4.158209036891730825e+00 9.901704854606238726e+00 1.000000000000000000e+00
4.163189027855416668e+00 4.173149009782786578e+00 4.168169018819101623e+00 9.954824901251008384e+00 1.000000000000000000e+00
4.173149009782786578e+00 4.183108991710156488e+00 4.178129000746471533e+00 9.967802437826197348e+00 1.000000000000000000e+00
4.183108991710156488e+00 4.193068973637526398e+00 4.188088982673841443e+00 9.947230276823772144e+00 1.000000000000000000e+00
4.193068973637526398e+00 4.203028955564896307e+00 4.198048964601211352e+00 1.008729331468154022e+01 1.000000000000000000e+00
4.203028955564896307e+00 4.212988937492267105e+00 4.208008946528582150e+00 1.026637625273347609e+01 1.000000000000000000e+00
4.212988937492267105e+00 4.222948919419637015e+00 4.217968928455952060e+00 1.048736069374355040e+01 1.000000000000000000e+00
4.222948919419637015e+00 4.232908901347006925e+00 4.227928910383321970e+00 1.056007954191900922e+01 1.000000000000000000e+00
4.232908901347006925e+00 4.242868883274377723e+00 4.237888892310691880e+00 1.059238686431726251e+01 1.000000000000000000e+00
4.242868883274377723e+00 4.252828865201747632e+00 4.247848874238062677e+00 1.058092071678556678e+01 1.000000000000000000e+00
4.252828865201747632e+00 4.262788847129117542e+00 4.257808856165432587e+00 1.055368771392995164e+01 1.000000000000000000e+00
4.262788847129117542e+00 4.272748829056487452e+00 4.267768838092802497e+00 7.429741274811187957e+00 2.000000000000000000e+00
4.272748829056487452e+00 4.282708810983857362e+00 4.277728820020172407e+00 1.058576428842750872e+01 1.000000000000000000e+00
4.282708810983857362e+00 4.292668792911228159e+00 4.287688801947543205e+00 1.075676478078146481e+01 1.000000000000000000e+00
4.292668792911228159e+00 4.302628774838598069e+00 4.297648783874913114e+00 1.105282764680289453e+01 1.000000000000000000e+00
4.302628774838598069e+00 4.312588756765967979e+00 4.307608765802283024e+00 1.130575528356301973e+01 1.000000000000000000e+00
4.312588756765967979e+00 4.322548738693338777e+00 4.317568747729652934e+00 1.154893581265960378e+01 1.000000000000000000e+00
4.322548738693338777e+00 4.332508720620708687e+00 4.327528729657023732e+00 1.178854782793677280e+01 1.000000000000000000e+00
4.332508720620708687e+00 4.342468702548078596e+00 4.337488711584393641e+00 1.205677166532546352e+01 1.000000000000000000e+00
4.342468702548078596e+00 4.352428684475448506e+00 4.347448693511763551e+00 1.230349281903192349e+01 1.000000000000000000e+00
4.352428684475448506e+00 4.362388666402818416e+00 4.357408675439133461e+00 1.211655484069645894e+01 1.000000000000000000e+00
4.362388666402818416e+00 4.372348648330189214e+00 4.367368657366504259e+00 1.204779634766161145e+01 1.000000000000000000e+00
4.372348648330189214e+00 4.382308630257559123e+00 4.377328639293874168e+00 1.208680162723189611e+01 1.000000000000000000e+00
4.382308630257559123e+00 4.392268612184929033e+00 4.387288621221244078e+00 1.221957628537561469e+01 1.000000000000000000e+00
4.392268612184929033e+00 4.402228594112299831e+00 4.397248603148613988e+00 1.233113928887823008e+01 1.000000000000000000e+00
4.402228594112299831e+00 4.412188576039669741e+00 4.407208585075984786e+00 8.774225457268450157e+00 2.000000000000000000e+00
4.412188576039669741e+00 4.422148557967039650e+00 4.417168567003354696e+00 1.244224990132041953e+01 1.000000000000000000e+00
4.422148557967039650e+00 4.432108539894409560e+00 4.427128548930724605e+00 1.233786901824185911e+01 1.000000000000000000e+00
4.432108539894409560e+00 4.442068521821779470e+00 4.437088530858094515e+00 1.224684573849689073e+01 1.000000000000000000e+00
4.442068521821779470e+00 4.452028503749150268e+00 4.447048512785465313e+00 1.216819370829821523e+01 1.000000000000000000e+00
4.452028503749150268e+00 4.461988485676520177e+00 4.457008494712835223e+00 1.233504600500726234e+01 1.000000000000000000e+00
4.461988485676520177e+00 4.471948467603890087e+00 4.466968476640205132e+00 1.258701180280218068e+01 1.000000000000000000e+00
4.471948467603890087e+00 4.481908449531260885e+00 4.476928458567575042e+00 1.298475294396183166e+01 1.000000000000000000e+00
4.481908449531260885e+00 4.491868431458630795e+00 4.486888440494945840e+00 1.324007307273210188e+01 1.000000000000000000e+00
4.491868431458630795e+00 4.501828413386000705e+00 4.496848422422315750e+00 9.596890934475245771e+00 2.000000000000000000e+00
4.501828413386000705e+00 4.511788395313370614e+00 4.506808404349685659e+00 1.381628599811717883e+01 1.000000000000000000e+00
4.511788395313370614e+00 4.521748377240740524e+00 4.516768386277055569e+00 1.379662647018411192e+01 1.000000000000000000e+00
4.521748377240740524e+00 4.531708359168111322e+00 4.526728368204426367e+00 1.372927374535493605e+01 1.000000000000000000e+00
4.531708359168111322e+00 4.541668341095481232e+00 4.536688350131796277e+00 1.362365886156061023e+01 1.000000000000000000e+00
4.541668341095481232e+00 4.551628323022851141e+00 4.546648332059166187e+00 1.341586167576080690e+01 1.000000000000000000e+00
4.551628323022851141e+00 4.561588304950221939e+00 4.556608313986536096e+00 1.328614281762302696e+01 1.000000000000000000e+00
4.561588304950221939e+00 4.571548286877591849e+00 4.566568295913906894e+00 1.321220543828272298e+01 1.000000000000000000e+00
4.571548286877591849e+00 4.581508268804961759e+00 4.576528277841276804e+00 9.406801253386472439e+00 2.000000000000000000e+00
4.581508268804961759e+00 4.591468250732331668e+00 4.586488259768646714e+00 1.339416180302963966e+01 1.000000000000000000e+00
4.591468250732331668e+00 4.601428232659701578e+00 4.596448241696016623e+00 1.357014696616810667e+01 1.000000000000000000e+00
4.601428232659701578e+00 4.611388214587071488e+00 4.606408223623386533e+00 1.383447381475692595e+01 1.000000000000000000e+00
4.611388214587071488e+00 4.621348196514442286e+00 4.616368205550757331e+00 1.405329488358237811e+01 1.000000000000000000e+00
4.621348196514442286e+00 4.631308178441812196e+00 4.626328187478127241e+00 1.421459329682864947e+01 1.000000000000000000e+00
4.631308178441812196e+00 4.641268160369182993e+00 4.636288169405497150e+00 1.420848142421545823e+01 1.000000000000000000e+00
4.641268160369182993e+00 4.651228142296552903e+00 4.646248151332867948e+00 1.017904207954047457e+01 2.000000000000000000e+00
4.651228142296552903e+00 4.661188124223922813e+00 4.656208133260237858e+00 1.456989484786123512e+01 1.000000000000000000e+00
4.661188124223922813e+00 4.671148106151292723e+00 4.666168115187607768e+00 1.460842133096430828e+01 1.000000000000000000e+00
4.671148106151292723e+00 4.681108088078662632e+00 4.676128097114977678e+00 1.451075309475614361e+01 1.000000000000000000e+00
4.681108088078662632e+00 4.691068070006032542e+00 4.686088079042347587e+00 1.433933365835893881e+01 1.000000000000000000e+00
4.691068070006032542e+00 4.701028051933403340e+00 4.696048060969718385e+00 1.410815023829915305e+01 1.000000000000000000e+00
4.701028051933403340e+00 4.710988033860773250e+00 4.706008042897088295e+00 9.925545826544297512e+00 2.000000000000000000e+00
4.710988033860773250e+00 4.720948015788144048e+00 4.715968024824458205e+00 1.415475279706208234e+01 1.000000000000000000e+00
4.720948015788144048e+00 4.730907997715513957e+00 4.725928006751829002e+00 1.428289395304685527e+01 1.000000000000000000e+00
4.730907997715513957e+00 4.740867979642883867e+00 4.735887988679198912e+00 1.441454223746034202e+01 1.000000000000000000e+00
4.740867979642883867e+00 4.750827961570253777e+00 4.745847970606568822e+00 1.446038999012973925e+01 1.000000000000000000e+00
4.750827961570253777e+00 4.760787943497623687e+00 4.755807952533938732e+00 1.019136469349564855e+01 2.000000000000000000e+00
4.760787943497623687e+00 4.770747925424993596e+00 4.765767934461308641e+00 1.428267215632497589e+01 1.000000000000000000e+00
4.770747925424993596e+00 4.780707907352364394e+00 4.775727916388679439e+00 1.428189403772585031e+01 1.000000000000000000e+00
4.780707907352364394e+00 4.790667889279734304e+00 4.785687898316049349e+00 1.441100867796004081e+01 1.000000000000000000e+00
4.790667889279734304e+00 4.800627871207105102e+00 4.795647880243419259e+00 1.468935150489942743e+01 1.000000000000000000e+00
4.800627871207105102e+00 4.810587853134475012e+00 4.805607862170790057e+00 1.485606430802403288e+01 1.000000000000000000e+00
4.810587853134475012e+00 4.820547835061844921e+00 4.815567844098159966e+00 1.056016293239248149e+01 2.000000000000000000e+00
4.820547835061844921e+00 4.830507816989214831e+00 4.825527826025529876e+00 1.485705933879976293e+01 1.000000000000000000e+00
4.830507816989214831e+00 4.840467798916584741e+00 4.835487807952899786e+00 1.501793451389256262e+01 1.000000000000000000e+00
4.840467798916584741e+00 4.850427780843954650e+00 4.845447789880269696e+00 1.538059788824634921e+01 1.000000000000000000e+00
4.850427780843954650e+00 4.860387762771325448e+00 4.855407771807640493e+00 1.130672458581970297e+01 2.000000000000000000e+00
4.860387762771325448e+00 4.870347744698695358e+00 4.865367753735010403e+00 1.568332335329120397e+01 1.000000000000000000e+00
4.870347744698695358e+00 4.880307726626066156e+00 4.875327735662380313e+00 1.531280014148364721e+01 1.000000000000000000e+00
4.880307726626066156e+00 4.890267708553436066e+00 4.885287717589751111e+00 1.504390576323772066e+01 1.000000000000000000e+00
4.890267708553436066e+00 4.900227690480805975e+00 4.895247699517121021e+00 1.518259237644151582e+01 1.000000000000000000e+00
4.900227690480805975e+00 4.910187672408175885e+00 4.905207681444490930e+00 1.091007928100498603e+01 2.000000000000000000e+00
4.910187672408175885e+00 4.920147654335545795e+00 4.915167663371860840e+00 1.558573770798532721e+01 1.000000000000000000e+00
4.920147654335545795e+00 4.930107636262915705e+00 4.925127645299230750e+00 1.557412361525406297e+01 1.000000000000000000e+00
4.930107636262915705e+00 4.940067618190286503e+00 4.935087627226601548e+00 1.560186644285703927e+01 1.000000000000000000e+00
4.940067618190286503e+00 4.950027600117656412e+00 4.945047609153971457e+00 1.108734264072262832e+01 2.000000000000000000e+00
4.950027600117656412e+00 4.959987582045027210e+00 4.955007591081341367e+00 1.578472530602358859e+01 1.000000000000000000e+00
4.959987582045027210e+00 4.969947563972397120e+00 4.964967573008712165e+00 1.579157351719469204e+01 1.000000000000000000e+00
4.969947563972397120e+00 4.979907545899767030e+00 4.974927554936082075e+00 1.583151333018790474e+01 1.000000000000000000e+00
4.979907545899767030e+00 4.989867527827136939e+00 4.984887536863451984e+00 1.133171259221911953e+01 2.000000000000000000e+00
4.989867527827136939e+00 4.999827509754506849e+00 4.994847518790821894e+00 1.640844609868936033e+01 1.000000000000000000e+00
4.999827509754506849e+00 5.009787491681876759e+00 5.004807500718191804e+00 1.661626312655200621e+01 1.000000000000000000e+00
5.009787491681876759e+00 5.019747473609247557e+00 5.014767482645562602e+00 1.679693158391946284e+01 1.000000000000000000e+00
5.019747473609247557e+00 5.029707455536617466e+00 5.024727464572932512e+00 1.186766910997544500e+01 2.000000000000000000e+00
5.029707455536617466e+00 5.039667437463988264e+00 5.034687446500302421e+00 1.692476268182837629e+01 1.000000000000000000e+00
5.039667437463988264e+00 5.049627419391358174e+00 5.044647428427673219e+00 1.700609969319819470e+01 1.000000000000000000e+00
5.049627419391358174e+00 5.059587401318728084e+00 5.054607410355043129e+00 1.687121811503558888e+01 1.000000000000000000e+00
5.059587401318728084e+00 5.069547383246097993e+00 5.064567392282413039e+00 1.185641790872893608e+01 2.000000000000000000e+00
5.069547383246097993e+00 5.079507365173467903e+00 5.074527374209782948e+00 1.679813644490190327e+01 1.000000000000000000e+00
5.079507365173467903e+00 5.089467347100837813e+00 5.084487356137152858e+00 1.689948131097643369e+01 1.000000000000000000e+00
5.089467347100837813e+00 5.099427329028208611e+00 5.094447338064523656e+00 1.689998791821736646e+01 1.000000000000000000e+00
5.099427329028208611e+00 5.109387310955578521e+00 5.104407319991893566e+00 1.193854268109662442e+01 2.000000000000000000e+00
5.109387310955578521e+00 5.119347292882949318e+00 5.114367301919263475e+00 1.700322169704779895e+01 1.000000000000000000e+00
5.119347292882949318e+00 5.129307274810319228e+00 5.124327283846634273e+00 1.747765761453350208e+01 1.000000000000000000e+00
5.129307274810319228e+00 5.139267256737689138e+00 5.134287265774004183e+00 1.274614918751872494e+01 2.000000000000000000e+00
5.139267256737689138e+00 5.149227238665059048e+00 5.144247247701374093e+00 1.812126248094574166e+01 1.000000000000000000e+00
5.149227238665059048e+00 5.159187220592428957e+00 5.154207229628744003e+00 1.804832372369098081e+01 1.000000000000000000e+00
5.159187220592428957e+00 5.169147202519798867e+00 5.164167211556113912e+00 1.299260815103725619e+01 2.000000000000000000e+00
5.169147202519798867e+00 5.179107184447169665e+00 5.174127193483484710e+00 1.905619944018542711e+01 1.000000000000000000e+00
5.179107184447169665e+00 5.189067166374539575e+00 5.184087175410854620e+00 1.942554738432468753e+01 1.000000000000000000e+00
5.189067166374539575e+00 5.199027148301910373e+00 5.194047157338224530e+00 1.961558338018075176e+01 1.000000000000000000e+00
5.199027148301910373e+00 5.208987130229280282e+00 5.204007139265595328e+00 1.383918779108890718e+01 2.000000000000000000e+00
5.208987130229280282e+00 5.218947112156650192e+00 5.213967121192965237e+00 1.938091632093992089e+01 1.000000000000000000e+00
5.218947112156650192e+00 5.228907094084020102e+00 5.223927103120335147e+00 1.944226898387501734e+01 1.000000000000000000e+00
5.228907094084020102e+00 5.238867076011390012e+00 5.233887085047705057e+00 1.388785291802157396e+01 2.000000000000000000e+00
5.238867076011390012e+00 5.248827057938759921e+00 5.243847066975074966e+00 1.974066675168567286e+01 1.000000000000000000e+00
5.248827057938759921e+00 5.258787039866130719e+00 5.253807048902445764e+00 1.976478089927188364e+01 1.000000000000000000e+00
5.258787039866130719e+00 5.268747021793500629e+00 5.263767030829815674e+00 1.412411697747645256e+01 2.000000000000000000e+00
5.268747021793500629e+00 5.278707003720871427e+00 5.273727012757185584e+00 2.059747345955180720e+01 1.000000000000000000e+00
5.278707003720871427e+00 5.288666985648241337e+00 5.283686994684556382e+00 2.108875613917928504e+01 1.000000000000000000e+00
5.288666985648241337e+00 5.298626967575611246e+00 5.293646976611926291e+00 1.536211462651536230e+01 2.000000000000000000e+00
